2073,259,110,115
1452,244,91,106
660,206,84,87
739,382,152,160
2748,357,115,177
1379,490,161,218
776,237,131,86
791,357,129,161
512,354,161,118
337,72,31,30
862,115,46,54
1789,159,67,66
1549,365,145,163
776,446,175,178
810,298,111,124
913,521,209,209
1331,668,302,262
397,172,75,70
641,175,78,73
639,352,152,146
1776,157,62,64
1302,198,81,87
311,66,28,25
370,268,112,99
589,171,76,65
2156,186,68,88
679,192,80,70
487,168,83,68
1287,314,102,155
572,284,95,114
872,116,53,51
818,117,47,44
609,229,80,104
1613,311,111,148
1062,358,151,142
2308,137,48,56
469,291,111,116
385,144,69,59
561,316,132,137
1013,879,307,372
2390,156,72,69
820,167,62,68
724,146,65,52
1050,573,222,232
1165,215,96,93
701,481,191,210
1525,124,46,52
751,364,145,161
502,193,76,77
457,135,56,56
1472,238,92,100
336,177,85,61
6904,551,228,210
387,317,162,108
626,301,114,131
505,443,160,188
661,329,129,125
1408,68,30,26
402,349,134,142
2631,247,111,101
703,130,61,56
799,216,84,94
535,73,35,28
599,693,282,288
1049,886,364,316
684,243,84,113
963,134,56,55
1631,374,118,186
826,335,127,131
842,161,61,57
882,428,156,191
586,86,32,33
511,84,38,26
551,376,161,155
367,154,79,59
787,198,79,79
600,221,105,87
955,116,42,50
329,300,119,123
2367,351,132,144
451,200,87,79
1541,147,58,67
497,576,233,250
2726,335,106,168
608,194,77,80
816,483,192,209
943,633,275,259
412,265,84,102
992,119,44,50
2412,106,45,51
802,384,158,168
2907,216,78,97
740,704,321,299
282,147,57,42
1127,158,61,68
811,104,43,40
2091,376,142,159
1006,136,54,59
1619,70,30,27
766,61,17,28
3636,660,256,294
1807,199,66,87
797,237,87,92
580,274,92,124
139,64,28,17
468,270,100,117
516,108,53,45
755,131,56,55
2464,273,86,134
1450,977,426,378
464,145,67,57
871,200,87,79
787,270,92,121
378,206,86,88
6720,497,209,195
885,223,101,86
858,111,41,52
375,255,105,98
1408,149,55,68
1023,138,57,57
783,207,78,104
737,441,190,188
917,158,53,67
493,120,42,43
2321,69,32,28
677,162,69,66
456,192,82,77
745,284,108,127
836,387,153,170
488,229,88,87
365,148,61,61
811,132,63,60
711,220,81,86
1289,755,300,320
1080,214,77,102
1589,109,50,42
1053,402,159,186
3138,190,60,96
809,225,74,102
421,97,45,38
1041,231,78,99
298,194,86,84
1372,70,31,30
802,119,48,52
619,249,96,106
1051,312,120,144
381,459,193,176
1139,392,154,165
465,111,39,49
1211,131,53,56
674,703,275,298
1061,401,150,174
2189,330,108,144
808,437,173,187
790,95,40,38
578,381,155,151
493,146,58,52
1985,232,77,93
1487,250,98,103
856,207,59,86
1567,393,165,166
675,189,69,88
582,180,70,77
740,198,83,83
978,651,233,233
1021,216,85,93
1043,320,126,143
1029,278,96,132
1534,467,175,209
1086,162,58,70
281,148,60,60
463,305,127,124
696,68,25,27
1002,610,226,242
808,767,274,328
673,290,106,112
1500,126,57,46
1291,352,127,156
791,238,101,102
712,184,78,72
894,232,89,92
458,378,165,155
703,198,78,80
572,130,47,44
1543,50,24,22
989,307,103,146
322,91,46,35
505,158,51,70
794,246,110,83
1091,112,48,51
954,323,126,132
949,229,71,87
1445,328,126,137
674,231,97,96
1260,159,65,61
452,118,47,50
633,258,78,104
2337,258,106,112
1118,371,152,153
1068,694,295,295
1110,73,36,31
1061,267,98,111
1112,373,128,164
953,244,99,103
1751,207,70,94
976,182,70,82
3952,326,136,140
1441,249,88,111
484,164,74,69
1063,187,78,73
1397,314,119,145
835,260,87,123
480,218,78,81
557,83,37,33
377,138,60,50
976,507,195,214
842,175,55,82
1225,202,85,86
1248,224,73,101
615,97,46,38
1751,326,147,128
895,125,49,53
1423,99,34,46
804,267,87,125
611,116,56,46
280,146,61,59
300,161,76,54
402,260,107,99
1419,249,102,107
721,227,79,85
1240,389,142,174
1325,149,51,68
377,321,123,130
1232,357,113,161
730,113,47,45
1427,261,97,117
1008,302,123,128
810,137,52,51
1431,179,69,84
942,160,58,72
798,331,117,160
1349,81,29,41
535,370,153,162
658,191,119,59
1094,332,138,143
974,285,129,126
699,296,116,122
380,92,41,32
1252,131,52,61
1072,267,102,111
1045,270,124,108
654,248,92,105
955,143,56,61
875,345,134,144
459,118,59,44
615,400,163,166
646,394,141,174
529,66,27,27
2323,183,60,84
818,597,193,263
756,247,84,109
1386,90,33,40
1841,205,61,103
849,242,112,77
547,309,130,117
733,339,109,133
417,147,65,61
1253,102,48,42
2728,429,169,188
1570,104,45,45
1126,651,252,278
406,129,61,53
491,121,59,47
722,186,81,76
1076,429,150,176
1120,313,124,136
394,330,121,137
405,115,35,47
529,354,126,157
2999,407,143,174
514,153,69,63
1355,265,96,114
541,194,84,78
604,195,66,82
981,175,72,73
1202,382,165,162
1060,134,58,50
427,85,35,37
2061,448,189,179
2387,234,90,99
273,472,211,165
753,458,179,191
502,81,37,27
655,171,79,66
1096,118,37,56
748,468,186,195
2259,66,24,33
1059,416,180,172
1584,123,57,39
1985,292,97,127
539,268,91,115
466,247,104,107
671,154,68,65
682,58,23,24
1443,119,43,66
429,144,65,54
858,321,116,147
472,405,149,178
1736,383,141,152
717,165,76,54
753,371,137,161
2125,194,89,81
373,315,117,133
1139,119,50,48
1673,803,288,362
818,336,124,146
1386,471,166,189
1807,251,103,114
811,40,14,16
812,208,65,101
571,254,98,106
512,186,79,69
812,258,89,121
992,150,59,61
2292,154,58,70
617,772,330,289
597,184,78,74
1188,112,37,53
1461,92,52,35
680,283,114,112
493,188,71,86
658,518,191,222
983,340,145,144
959,346,130,151
282,87,37,32
605,202,66,89
1293,369,134,164
513,325,129,151
559,180,57,65
1038,116,45,48
2867,125,50,53
743,119,59,47
607,210,86,84
624,233,95,98
1036,197,75,86
847,189,74,88
813,320,106,139
656,496,185,237
2078,393,133,163
877,370,154,154
990,270,105,106
453,202,87,80
868,198,88,74
332,403,153,154
704,390,149,167
1321,443,155,195
708,233,96,104
1700,89,32,46
1080,304,134,141
596,251,112,116
828,763,327,328
908,98,47,37
451,83,42,33
649,626,248,242
920,298,116,118
872,222,91,88
664,272,105,121
709,173,61,80
761,383,149,154
811,167,67,75
797,430,165,192
609,179,67,79
1230,93,49,33
3548,227,83,116
2353,100,45,42
1648,446,171,203
1320,142,64,66
592,115,52,46
616,121,53,47
635,195,80,83
5772,283,121,105
3384,166,57,77
1210,253,104,101
1821,342,131,145
857,358,129,158
417,201,84,85
911,277,101,129
765,693,278,284
6214,420,165,165
828,109,53,38
855,157,62,66
816,395,146,179
1074,289,103,123
546,406,158,178
1102,802,332,329
851,223,65,91
1318,490,175,225
1332,211,80,92
443,349,139,133
939,296,135,125
1282,288,110,122
2527,257,111,104
887,290,118,119
1910,508,164,244
1101,77,34,33
830,137,59,61
550,71,33,24
1393,301,109,136
965,357,119,150
876,225,106,86
338,58,31,20
983,309,120,116
428,378,156,161
771,244,79,98
944,131,63,51
1051,236,77,120
1671,145,55,68
4563,155,54,72
782,213,106,82
2185,188,75,82
1453,323,109,152
7160,707,295,248
1177,182,81,69
1018,433,162,192
808,171,79,74
435,586,254,221
1817,110,37,56
854,180,85,78
3069,213,73,105
2734,319,93,150
1424,324,135,139
989,117,52,54
946,234,85,89
1236,370,141,151
738,470,196,199
2418,355,110,159
635,135,63,52
339,141,58,55
1102,120,44,52
718,120,57,48
831,312,113,129
647,703,299,296
1400,456,160,195
969,380,143,169
1849,90,37,41
456,178,83,72
876,222,111,93
707,452,169,189
1276,131,56,54
657,152,62,64
631,136,50,66
1481,266,113,118
652,187,84,75
2505,371,148,167
3491,209,65,103
532,195,66,94
493,393,167,150
1236,256,102,110
633,192,90,71
508,349,139,147
713,79,32,38
1742,427,139,189
1113,243,103,104
1296,97,33,37
795,112,46,41
720,377,166,153
1804,217,92,95
661,171,65,71
1122,237,78,111
1735,125,58,50
519,274,124,111
713,70,33,27
939,326,134,147
1279,478,182,212
2462,613,258,260
1537,110,42,53
2389,124,47,55
786,223,90,90
1482,252,102,97
1914,345,139,166
4782,483,189,196
753,660,250,281
2780,889,351,369
1540,85,34,35
399,403,149,174
879,285,124,109
1621,200,63,92
1760,359,126,165
1157,400,180,170
979,72,33,27
1267,288,103,149
630,220,80,100
1492,253,97,106
1039,219,90,89
583,151,55,63
1340,385,117,165
1540,285,118,115
538,249,89,99
473,117,51,49
1247,319,99,144
1035,99,42,43
1748,100,40,44
1085,91,39,42
691,175,70,76
859,471,186,187
762,375,158,150
1038,201,71,97
728,304,112,133
1998,210,87,94
779,457,173,191
495,385,146,166
753,336,142,125
500,254,93,97
1492,91,35,39
1207,152,69,66
671,152,65,60
783,235,84,104
1002,447,193,200
1750,353,143,164
536,156,51,71
933,379,162,152
1014,256,87,110
3673,412,159,166
1170,215,76,101
458,153,59,59
542,176,67,74
1128,78,32,32
1407,266,104,119
1285,314,125,135
964,440,184,184
1301,122,48,53
1283,401,130,180
5532,408,151,167
1023,384,143,158
1643,326,144,149
307,96,42,40
1056,302,111,132
494,318,112,136
856,342,150,142
2148,228,102,101
779,376,149,165
1423,603,248,245
710,393,153,168
1666,150,62,63
988,113,41,50
2007,109,41,50
1305,125,51,49
454,374,149,161
619,153,63,56
1564,114,49,46
415,102,39,38
885,307,105,146
244,166,71,62
946,297,117,130
460,135,54,58
481,220,80,87
772,236,112,88
394,159,59,62
1432,202,74,93
1448,66,26,31
1988,201,68,80
543,161,67,63
2020,126,41,62
1005,467,206,186
418,73,31,25
996,249,88,120
2827,256,122,103
1311,161,60,73
841,310,115,141
2235,341,133,153
154,278,139,96
1488,135,49,65
592,328,122,137
4020,274,109,108
2022,648,273,268
436,376,159,149
479,216,85,83
1095,188,75,77
1159,135,56,52
537,244,96,98
1572,143,53,59
827,254,124,105
752,121,53,51
394,410,165,185
1562,187,68,72
726,324,123,147
622,107,39,44
1137,41,8,20
1085,78,29,34
1117,259,100,118
578,510,213,205
806,98,38,42
714,309,126,131
1688,451,161,198
388,226,98,92
2722,124,45,59
857,318,93,139
1837,168,80,68
610,250,100,96
1591,243,99,102
470,95,31,40
1434,104,48,40
509,351,139,135
378,119,48,49
654,362,145,144
401,184,72,83
1029,319,117,153
846,122,51,53
1220,273,91,114
1086,158,60,64
537,172,70,72
660,398,150,174
1050,243,83,117
1217,78,38,30
2461,390,150,168
690,388,173,153
4878,204,91,80
1753,258,110,113
1455,433,169,186
932,259,112,113
2726,280,101,130
2111,446,177,197
1825,604,216,227
1332,1096,390,518
1429,875,321,380
350,176,67,72
3432,137,46,60
582,179,71,73
716,291,123,125
620,610,225,255
651,287,126,116
1121,476,178,200
1525,109,37,48
516,322,129,124
1261,381,149,157
511,308,138,109
1403,90,31,45
1002,225,88,95
1261,205,104,74
1776,273,99,122
1152,583,265,246
819,134,73,53
888,84,37,33
525,1006,457,382
2426,358,128,167
739,348,138,147
782,285,84,131
1040,262,85,126
811,607,232,263
1911,449,184,201
615,443,163,184
452,235,105,93
601,646,227,280
607,233,100,102
1714,391,141,166
900,340,119,159
1431,236,100,92
313,196,71,74
1247,415,164,189
976,440,161,202
628,165,71,71
980,113,45,50
643,508,175,195
2351,203,68,101
989,96,33,38
1128,391,145,170
765,286,106,115
559,245,95,109
1558,225,74,104
1382,350,131,166
1511,375,142,176
452,321,131,120
1382,160,67,64
1005,197,86,77
1331,355,128,171
460,153,61,63
1091,255,95,116
502,325,132,133
461,214,92,87
684,201,71,78
581,465,195,173
333,283,132,108
629,352,141,137
1706,137,59,55
831,79,33,32
1092,415,149,179
774,204,69,79
1022,118,47,46
1440,515,161,230
830,413,175,160
775,214,77,93
1155,229,71,112
739,363,137,150
266,278,96,113
857,173,77,70
731,505,209,190
1813,479,195,197
536,401,148,173
1159,123,54,54
641,245,106,95
905,121,47,51
419,433,186,153
664,64,25,27
948,365,152,148
1031,238,84,104
870,203,82,83
473,258,98,110
720,397,173,151
655,260,113,110
1928,333,115,152
3204,207,76,95
775,456,178,200
795,157,63,70
534,240,101,104
867,576,222,232
1304,247,90,120
383,151,66,65
889,361,148,155
431,185,70,70
1438,305,112,142
699,184,76,82
836,448,185,184
1837,85,29,37
2112,385,156,153
637,254,109,110
903,309,128,136
6431,364,134,155
467,368,135,160
1359,144,53,58
948,477,172,223
1172,103,42,50
1266,144,60,57
1634,284,121,126
1626,174,71,74
513,129,51,58
1088,291,105,135
1875,570,227,261
3422,389,148,160
866,135,65,55
1065,116,49,52
1351,288,102,114
1340,153,58,69
3043,436,184,195
414,133,59,50
1009,341,118,159
294,172,75,62
981,197,74,93
917,317,120,143
819,152,64,63
1007,436,177,187
767,192,71,89
600,177,80,57
415,351,148,133
1302,101,37,43
551,254,102,112
864,160,74,69
553,172,69,76
132,77,44,21
726,403,178,167
859,324,136,140
656,141,60,53
995,371,118,173
909,435,169,187
225,238,111,84
660,351,142,147
642,385,146,155
644,376,156,161
891,388,171,150
1685,369,144,158
512,81,32,36
1180,84,32,39
503,282,122,105
4900,170,70,66
1483,109,53,46
1969,246,110,97
666,278,105,115
675,102,38,44
793,137,59,54
1003,202,76,81
1529,432,184,194
673,119,57,47
704,255,96,109
2105,249,98,107
882,244,88,110
491,324,138,142
1591,315,124,139
1083,208,63,110
1441,133,51,60
1569,319,120,141
701,260,104,117
346,231,89,102
1354,278,108,102
1307,228,94,90
955,271,94,113
989,193,86,81
467,986,330,412
1199,444,177,193
522,242,92,103
2732,376,142,176
2466,147,61,68
1640,208,74,96
378,76,34,30
1763,225,88,94
661,103,41,45
1848,150,65,64
650,208,83,95
415,484,202,193
516,272,115,108
1936,131,52,65
601,183,67,76
1359,188,86,79
620,169,73,67
1058,105,45,44
666,184,71,85
882,204,77,89
953,85,32,36
896,88,37,33
585,150,76,57
541,322,112,131
2120,429,131,182
384,221,86,89
1292,90,40,30
1017,126,56,54
3651,180,90,65
776,272,108,122
667,125,54,56
950,162,101,47
1733,347,116,149
438,725,355,263
636,113,43,36
1391,105,46,42
772,199,81,92
1424,602,207,267
1564,166,72,71
2087,101,40,39
1083,134,54,53
704,312,124,119
572,99,42,44
1004,152,59,65
476,157,58,64
591,251,103,103
1059,185,57,81
1699,425,137,182
1063,308,117,130
468,277,132,94
2434,439,174,193
794,420,172,181
2933,582,206,280
1367,289,94,145
262,60,29,20
1235,321,118,148
3548,401,138,189
1335,266,110,103
395,169,81,65
1378,291,103,128
341,342,120,141
530,161,74,71
799,207,66,99
1117,201,71,87
463,338,165,117
5151,444,156,179
361,146,77,51
1216,235,82,114
1076,147,57,57
487,192,92,67
1069,323,125,136
1513,287,124,127
1066,506,204,216
1630,191,81,81
2139,106,45,50
902,93,35,41
725,181,71,85
900,264,108,113
1021,105,58,39
1031,184,84,77
816,258,109,112
1027,193,70,75
680,121,50,47
1221,332,168,137
742,306,110,138
1636,197,72,92
719,217,89,90
340,327,145,141
582,492,190,210
637,157,59,68
1016,317,121,127
496,206,92,77
785,81,31,33
589,166,63,72
1352,324,121,142
2798,155,60,71
644,93,47,37
314,106,51,40
804,831,296,357
792,120,50,50
625,256,103,116
799,192,58,82
1617,725,268,324
1452,347,159,137
393,244,97,98
1143,235,105,94
785,93,39,41
1843,289,97,132
672,452,191,186
539,118,55,48
598,103,44,42
735,355,141,148
730,264,97,117
712,252,90,117
756,178,75,79
451,124,55,47
1119,181,58,80
864,131,58,55
1357,199,84,81
927,114,41,54
483,283,132,93
761,184,80,74
1346,99,39,42
637,84,40,31
1639,126,51,63
274,228,83,97
592,166,67,65
611,252,106,106
1217,360,117,171
806,231,85,104
2013,157,52,65
895,253,103,98
1406,104,38,36
828,71,27,25
893,362,132,155
1558,822,313,387
3192,271,99,132
411,314,129,128
341,190,73,75
705,130,50,50
526,201,87,80
686,378,157,164
988,669,267,266
333,406,154,178
479,105,46,46
607,371,131,159
825,601,249,216
880,258,91,116
895,535,200,226
2045,205,89,86
1586,243,85,112
1272,179,67,72
813,383,143,165
635,378,179,136
6749,441,162,163
1148,125,53,56
799,275,112,110
916,510,220,222
1055,215,86,99
1620,167,54,81
2800,197,88,91
740,241,94,106
1192,92,36,41
706,284,125,122
1191,110,35,47
1235,227,100,86
2134,75,34,32
2388,218,74,102
807,55,17,19
1174,192,55,95
405,249,94,117
1003,62,18,29
509,512,250,189
2272,219,82,95
974,203,72,88
361,96,44,37
539,217,77,92
1636,297,116,128
555,80,26,38
820,234,83,101
1020,232,90,100
2743,211,78,95
526,391,177,147
822,121,50,53
1694,632,257,283
811,263,107,107
1418,401,145,174
911,90,38,38
446,203,73,81
935,116,50,44
1161,380,151,167
1482,270,121,120
416,177,71,60
2006,165,60,69
503,46,22,19
1192,333,136,153
725,655,283,264
952,515,196,224
402,188,72,74
1011,490,166,216
880,382,150,154
1765,174,69,71
1227,205,84,82
651,267,101,111
676,94,40,42
803,255,116,103
971,153,47,62
562,581,246,226
1083,177,75,76
1779,88,40,36
433,135,68,56
1440,172,65,70
1101,343,128,153
1453,111,43,48
538,150,68,59
380,122,62,46
1972,193,77,88
773,210,74,95
1834,498,228,175
1571,462,177,200
1821,316,108,145
1030,206,78,91
653,200,69,80
466,113,50,40
1302,460,180,220
1186,122,51,49
321,106,42,43
777,160,74,64
1888,121,37,45
523,195,68,87
332,168,73,65
1326,134,46,58
410,173,77,68
2153,795,304,329
1153,116,49,46
1486,182,73,77
1006,324,119,152
665,290,106,127
557,152,57,59
1652,83,33,40
470,469,192,194
655,145,58,58
1223,324,114,126
843,324,122,127
735,157,66,60
464,301,128,122
459,123,56,48
2856,318,105,159
837,107,45,49
1710,646,216,312
1022,544,181,212
3124,407,136,192
1909,259,101,111
2101,149,62,61
916,424,164,181
1827,236,95,110
1132,120,46,44
737,263,117,112
1187,301,122,120
655,144,62,66
954,259,98,113
471,429,183,175
813,177,74,65
1028,176,81,56
1057,194,87,75
1370,132,52,62
946,123,41,53
980,269,104,107
876,299,102,126
687,2082,916,765
566,597,230,260
1113,99,37,42
629,208,66,89
324,81,41,22
583,280,96,123
1026,162,70,65
387,251,99,96
782,340,130,136
522,240,100,88
1434,51,26,22
339,67,26,30
2671,183,63,83
1494,295,130,126
471,152,53,64
172,62,29,21
578,493,199,206
504,333,155,121
1307,100,39,40
648,333,164,114
6012,289,96,132
572,81,33,34
509,123,58,47
925,404,143,178
1400,141,63,56
1019,449,218,156
385,405,154,165
897,79,31,27
846,348,144,156
605,210,79,85
1340,304,125,124
815,393,173,154
784,127,70,48
1048,117,61,42
1179,122,58,51
947,313,117,133
456,118,46,59
1644,286,120,135
1452,620,235,270
297,207,78,88
2151,359,129,182
1495,163,69,56
382,183,82,73
604,312,115,135
1120,156,62,68
1245,479,184,200
2190,139,64,60
718,187,76,66
676,131,46,56
1092,711,285,298
928,768,309,321
564,221,95,80
528,114,44,41
1004,325,130,126
1074,431,155,183
997,360,136,153
1126,223,90,101
264,94,36,37
603,206,83,82
1563,466,173,197
844,471,195,194
1067,657,255,289
297,315,125,124
1070,352,178,136
1153,424,147,177
1096,630,240,262
637,129,53,47
4312,205,83,84
681,372,166,133
2139,166,70,79
382,91,43,38
387,242,98,102
869,105,44,41
1058,140,57,53
460,209,67,91
445,252,91,108
982,198,65,90
597,59,26,26
615,107,39,52
1044,424,179,184
1752,456,163,204
286,98,41,29
1106,189,76,73
277,233,105,95
1411,249,78,115
753,304,126,145
1230,51,20,22
715,123,43,49
386,112,41,40
665,349,126,150
1097,122,51,50
4279,350,128,161
1811,137,50,55
608,344,152,138
739,449,163,186
962,461,195,187
1052,285,116,109
678,439,173,192
602,142,62,50
527,264,108,111
3549,465,177,193
1011,118,51,47
755,459,179,206
665,311,130,133
1344,519,208,223
1333,168,80,59
1070,390,156,147
408,228,105,78
1814,138,66,53
602,149,64,61
652,126,48,62
685,125,53,49
494,380,157,170
970,138,42,67
443,225,92,92
695,240,97,89
962,221,91,92
1042,455,172,200
763,161,85,53
697,135,53,51
377,156,62,57
1114,341,124,133
3879,472,171,213
559,277,114,121
1809,93,32,47
920,327,132,135
1257,99,45,41
408,94,36,41
315,106,43,46
700,600,224,247
3285,298,118,125
1973,151,61,62
456,194,92,74
673,403,158,176
744,224,104,80
2136,387,134,181
537,75,28,34
711,309,126,121
559,248,108,94
1222,220,87,102
785,335,157,112
863,205,94,81
1007,202,88,87
1295,126,50,54
1665,155,62,63
1212,275,92,126
899,46,13,22
1031,374,152,158
1114,159,62,68
422,358,129,142
530,402,148,174
1896,577,276,254
2903,411,150,197
488,357,159,136
649,226,109,88
460,306,132,127
991,581,234,253
1303,236,80,109
1378,261,97,116
750,484,184,190
344,169,75,65
665,83,25,38
1715,224,82,103
1036,137,54,59
284,172,73,62
550,345,138,150
804,122,51,56
632,383,139,156
1339,185,83,79
1103,139,52,69
799,194,86,77
1039,149,60,65
855,326,133,122
411,412,159,156
5666,366,136,173
1791,374,127,164
1243,371,149,152
567,182,68,72
380,64,29,27
266,77,28,31
533,160,67,56
1079,121,48,55
465,265,112,109
1137,275,110,111
1053,380,136,169
675,155,54,69
1982,352,126,165
359,113,48,38
1285,40,23,14
412,126,70,43
925,197,67,84
912,220,82,98
543,168,72,72
313,98,35,43
2262,198,79,92
1059,327,129,137
1251,253,113,101
299,67,29,25
677,305,121,123
508,227,104,82
1260,141,57,65
378,148,70,58
963,160,61,68
1081,268,113,114
473,381,150,143
559,337,134,141
952,273,92,125
1603,283,103,122
638,308,130,107
362,186,70,82
1320,77,34,31
648,178,66,72
503,298,131,110
1467,289,111,140
287,167,64,65
1000,108,42,50
630,151,54,64
542,121,40,57
820,66,31,24
790,94,43,42
819,276,104,106
399,203,84,81
1106,86,40,37
868,214,66,99
948,466,196,199
1637,99,30,51
641,303,132,118
1105,212,98,92
1049,326,135,142
1885,533,164,233
569,140,61,55
638,195,73,87
798,295,117,110
803,324,131,146
1077,538,222,224
667,233,84,99
1216,361,157,140
3771,346,122,160
894,178,79,79
850,145,61,56
477,164,69,59
972,267,87,132
376,96,45,34
2652,123,31,66
835,113,46,53
708,426,170,174
1382,1380,598,493
763,91,40,36
580,544,243,192
447,153,57,60
359,173,70,67
873,330,110,166
739,167,89,60
746,397,160,172
497,345,128,138
2551,262,107,113
1131,300,99,130
320,118,54,49
926,360,134,167
1185,72,26,34
1178,77,42,29
784,209,77,86
795,313,117,132
515,314,119,136
820,237,128,86
833,245,98,103
399,86,42,34
754,298,122,129
1338,332,131,142
594,182,71,77
1314,205,67,99
1355,538,196,247
876,96,44,39
1008,126,57,50
1272,132,45,64
565,362,129,160
983,155,61,70
1335,205,72,98
1145,331,142,141
2165,132,56,55
527,154,65,60
540,186,89,66
1936,203,81,86
939,123,59,50
805,485,179,222
594,521,208,220
1143,101,41,45
545,497,176,205
1455,205,68,100
320,192,84,79
1140,330,138,135
1099,381,135,167
870,145,56,62
870,182,69,76
1587,249,97,116
2314,186,74,83
1254,255,82,114
1550,317,121,139
1138,271,107,115
541,255,115,103
1576,122,37,57
438,430,194,164
799,378,149,152
1165,496,192,200
1784,175,63,84
971,195,83,79
637,82,37,32
957,89,40,38
1603,475,182,208
740,89,36,36
1593,532,221,222
542,393,156,167
1204,406,130,172
1647,152,62,54
886,266,104,111
1011,691,287,290
556,141,73,58
1535,272,91,123
821,114,59,45
1892,221,85,103
736,284,128,132
1186,161,62,81
884,272,101,107
1087,140,55,59
589,302,115,99
979,140,54,66
1178,120,41,49
730,71,30,29
1264,203,74,92
832,207,49,90
2265,138,50,64
656,511,176,218
1550,386,128,189
643,338,145,139
427,71,33,25
414,125,52,55
971,115,56,41
709,110,41,45
944,618,255,264
3459,710,280,302
1117,415,153,164
490,243,111,95
1348,164,69,67
513,759,316,320
962,251,94,103
1842,229,93,96
1043,127,44,52
285,81,36,27
679,266,99,120
771,531,219,231
2298,247,105,115
741,293,118,126
568,206,73,81
1410,157,69,65
636,159,74,60
1203,109,46,50
542,83,42,31
1866,301,106,126
1114,118,47,56
841,115,49,47
710,195,81,79
446,226,98,77
1186,242,102,116
1622,324,118,151
1172,334,131,152
351,202,83,78
469,140,58,52
1122,388,137,165
911,487,174,204
649,332,146,119
2788,224,94,96
625,251,115,92
479,250,107,101
1020,346,145,149
2529,555,203,223
896,148,59,63
746,338,147,145
365,166,77,66
1178,146,58,62
460,190,80,84
2084,299,102,141
182,85,39,31
1101,195,77,87
510,305,116,127
1535,317,99,146
2451,273,99,121
1055,154,59,66
1577,444,174,179
660,309,105,131
932,166,73,60
1318,297,96,140
408,86,38,32
1268,630,252,288
811,86,43,35
1322,135,59,53
911,365,138,152
2363,285,87,144
487,351,137,127
1454,192,71,91
1511,206,95,88
408,190,71,81
835,337,131,137
578,314,132,133
2815,332,133,147
715,455,169,187
791,66,41,23
419,109,42,42
760,136,56,55
1115,292,110,136
325,88,44,35
885,457,177,194
1409,335,136,152
1067,172,68,69
884,270,99,126
1626,96,33,47
1974,198,78,66
661,118,52,47
1379,253,72,111
942,163,63,70
541,775,337,304
3538,294,106,127
411,587,262,224
1409,355,114,154
1248,229,101,98
574,371,158,169
1451,529,188,231
527,134,50,58
597,160,65,70
586,283,108,124
321,294,118,111
806,71,33,30
320,119,56,43
826,189,86,76
2586,190,67,89
999,111,42,49
1133,263,90,117
1489,386,154,161
1957,221,112,84
1739,246,98,98
1277,159,51,76
1113,466,180,208
604,311,136,129
1547,191,77,87
1361,233,83,108
1999,193,76,92
643,187,90,72
1142,261,97,102
623,205,64,95
1929,190,66,89
2626,83,36,36
3241,198,85,82
470,213,86,77
830,325,134,131
706,541,226,240
846,247,99,105
754,288,106,122
933,450,176,198
1446,102,41,40
544,354,139,152
1851,179,82,77
1156,221,97,95
1886,407,140,189
347,126,56,52
934,369,147,153
424,77,32,32
479,82,33,36
1110,106,50,44
729,503,170,238
918,595,279,227
889,498,184,214
1459,124,38,63
916,53,24,22
754,95,39,40
353,128,57,51
1789,230,92,101
970,260,98,118
1054,244,96,102
1290,353,161,148
1899,305,113,142
1064,126,58,49
2318,435,174,192
924,140,63,61
1050,213,92,80
395,237,100,93
1100,154,74,63
2031,180,62,86
1627,129,50,52
1065,129,63,59
467,152,68,57
2509,465,166,213
1021,194,66,83
1052,673,286,274
1178,291,126,124
1698,117,46,50
809,261,101,122
1465,361,124,165
1431,204,69,90
1788,633,241,288
1145,290,120,118
539,252,96,110
837,152,59,68
1883,209,86,82
748,104,47,39
6283,430,191,155
726,162,70,63
1674,175,68,82
882,210,79,87
690,122,45,50
1065,454,205,187
1129,187,80,74
392,284,118,115
1178,1335,564,545
3206,180,81,77
1640,185,85,80
988,186,68,84
1568,217,101,77
1136,68,27,31
748,314,128,134
1796,87,30,37
825,242,103,107
573,433,187,176
276,321,135,120
1639,65,23,26
1026,220,89,87
1713,201,75,88
770,249,95,114
1308,100,39,43
1017,229,88,94
620,362,144,144
957,117,45,51
509,163,80,59
1226,451,178,181
395,77,39,30
765,116,50,46
1738,298,107,145
1875,193,67,87
440,132,57,52
1401,351,131,151
825,146,53,67
569,100,54,37
806,476,182,215
977,221,86,92
1180,123,41,59
457,244,98,109
646,133,59,55
888,538,175,252
1181,423,161,173
1900,422,145,170
988,113,40,51
437,142,57,64
3401,308,111,135
858,184,63,82
1253,156,71,70
1003,117,44,52
712,538,244,215
770,691,258,294
1374,86,34,35
808,382,150,152
1403,371,131,158
3294,250,128,94
779,181,77,71
1023,331,126,148
1458,138,51,67
1224,148,50,70
652,1034,439,404
1143,131,59,50
2225,419,166,182
824,340,186,118
578,199,81,76
1826,193,58,85
2060,154,57,71
1067,148,56,70
559,174,68,71
1611,199,80,90
754,306,116,140
936,228,65,106
659,208,89,85
2195,211,81,93
744,251,96,106
538,94,40,41
618,238,109,87
475,131,52,59
3703,287,88,131
781,141,68,63
1039,174,72,76
997,200,92,84
1863,177,77,68
2271,306,102,150
789,971,404,378
1203,556,229,251
355,144,64,61
1547,299,106,122
842,212,83,89
1027,74,27,32
1811,121,46,50
1243,338,123,154
1165,568,214,269
324,214,100,81
1328,362,121,169
797,400,159,153
2071,257,80,122
1963,201,88,80
852,88,32,40
558,187,91,69
802,357,137,147
1135,194,71,81
942,434,159,209
1259,129,47,62
699,509,202,229
830,138,55,60
2095,581,218,245
732,309,131,134
1208,192,65,94
1194,730,296,314
2081,256,105,113
901,153,61,58
1786,290,100,129
490,163,64,72
1327,208,66,100
768,336,114,147
635,331,135,134
666,185,74,79
992,263,91,110
687,268,104,107
924,146,62,65
1161,261,101,119
1068,321,111,144
565,281,114,122
233,199,86,73
883,128,48,56
445,213,98,86
1840,253,95,112
418,128,47,49
924,236,90,107
434,170,72,71
496,442,163,184
1408,249,82,107
3005,90,31,33
1448,127,40,59
951,77,28,30
409,177,80,64
522,105,45,47
901,517,186,233
333,180,97,72
1858,158,65,61
687,258,122,103
7079,403,155,172
488,110,51,43
900,227,80,95
485,119,56,45
599,149,60,57
1672,309,106,136
445,170,69,70
465,146,59,58
1577,361,144,151
987,222,88,93
469,194,72,85
586,425,187,173
1268,134,50,60
378,99,32,40
1249,242,93,99
675,252,98,112
835,109,48,42
1437,306,108,135
521,131,52,54
968,87,45,29
468,162,64,67
668,122,48,51
852,53,21,24
619,254,103,103
900,105,45,40
720,227,92,95
863,235,95,90
1170,148,59,61
705,111,47,45
2524,287,107,133
1945,163,69,73
1104,161,56,70
720,250,108,101
919,352,154,129
482,242,90,99
535,370,157,150
719,507,213,203
810,139,64,50
1007,127,62,49
1312,152,66,66
1047,313,112,146
1066,140,53,65
685,181,65,78
3877,169,51,69
569,157,74,64
1819,159,63,73
353,131,60,53
986,258,89,116
1718,349,118,163
2325,90,43,35
581,531,209,229
760,67,20,31
772,234,90,107
720,48,23,17
855,369,145,152
2422,147,64,63
655,301,114,122
1016,388,150,164
1144,302,120,128
5803,290,119,115
701,384,177,142
403,196,76,79
757,247,95,107
1235,275,134,98
331,356,146,139
565,115,47,48
882,266,111,109
672,720,227,345
1484,157,63,72
705,334,146,144
827,318,126,129
1664,329,121,129
1602,144,62,59
1630,319,133,148
1403,203,79,82
1232,260,99,113
1786,478,189,203
893,231,91,97
2561,190,81,82
524,133,63,50
1362,98,33,52
1359,451,166,205
1526,561,224,239
816,61,32,22
719,92,41,37
511,138,70,51
455,153,57,60
720,199,77,73
604,138,60,55
751,117,47,47
536,305,127,134
628,194,75,79
841,102,42,37
411,255,106,112
2453,162,53,80
708,247,101,100
387,212,95,72
1120,139,58,56
1222,296,117,132
2070,185,72,78
1991,87,35,39
2193,296,115,145
744,609,247,254
1451,202,78,95
2987,269,103,117
546,122,54,49
1184,282,104,127
509,65,27,25
1086,222,82,91
995,123,48,51
1579,238,90,97
1203,156,71,67
612,507,220,207
472,141,61,62
312,89,50,32
240,68,40,21
719,300,114,140
520,343,136,141
585,82,29,38
811,243,103,93
934,403,142,176
476,205,77,88
770,510,198,232
810,217,80,86
835,124,55,50
368,120,55,47
903,183,74,71
630,369,141,155
865,188,88,78
467,66,31,23
811,129,61,49
739,147,59,59
1601,364,131,148
1384,231,74,107
790,176,81,75
658,108,45,43
1439,101,44,39
1090,686,294,292
861,323,128,146
2090,154,51,71
401,337,143,138
389,102,45,34
931,323,130,133
1235,190,64,93
1381,371,118,177
395,357,126,131
835,157,63,66
1149,121,47,50
638,260,96,120
2967,198,84,81
1164,500,209,206
1577,216,75,104
1061,359,153,153
1051,282,114,127
968,116,55,47
882,437,189,185
1010,249,111,107
742,205,65,96
552,291,126,110
321,137,64,57
860,140,56,59
1251,678,271,305
555,68,25,27
548,85,34,34
1391,77,30,36
892,95,41,43
590,303,117,131
1473,258,104,117
508,311,136,127
1195,123,42,62
732,345,124,155
444,157,70,57
1066,126,46,68
944,138,46,70
607,277,100,95
1965,65,27,29
982,140,49,64
404,282,117,111
1623,297,99,130
786,439,179,182
972,105,45,39
676,293,106,132
851,354,140,134
1149,197,76,87
341,267,102,113
1318,283,106,137
769,97,38,43
557,261,113,94
5969,426,185,167
487,463,187,176
1493,242,86,114
1856,166,59,84
1154,224,104,84
745,233,101,97
314,187,81,71
841,286,99,117
1872,284,105,135
863,399,161,174
1000,171,55,75
979,457,193,185
910,311,130,143
1837,391,147,160
1001,315,124,140
622,283,106,131
2200,200,79,91
423,131,51,46
705,277,104,130
583,335,129,145
461,257,108,99
1621,284,97,128
713,121,48,48
1263,193,76,91
414,91,32,36
932,445,164,196
1378,199,82,93
895,373,156,151
709,256,92,120
482,95,36,24
631,102,39,40
220,228,101,78
584,114,57,48
509,399,148,166
1035,233,73,109
1409,333,117,147
995,1094,511,445
861,299,117,115
1145,302,127,131
825,139,48,49
1498,358,148,153
590,198,73,80
1998,536,180,258
2277,222,91,95
1662,302,128,118
1554,286,113,110
1951,171,63,79
614,106,49,49
490,151,67,62
780,84,37,36
1024,87,33,37
1116,251,84,108
690,149,62,62
1935,136,52,58
1819,333,136,147
473,287,122,108
1671,120,49,47
850,371,162,140
395,418,171,177
2104,134,44,64
816,375,126,164
758,258,94,116
2259,260,85,126
500,79,36,32
718,142,59,51
1575,317,131,141
784,132,53,58
1353,154,64,65
1387,426,179,182
816,273,113,122
1600,465,192,168
500,415,172,177
2720,142,68,62
454,144,58,58
2147,489,199,197
512,118,49,50
488,394,163,168
580,371,147,158
305,260,97,106
800,278,93,126
873,256,114,102
702,294,127,132
1445,229,74,94
459,142,61,57
1053,311,110,149
556,393,167,150
1424,380,134,162
1249,325,124,125
678,509,204,200
2181,384,163,167
830,265,100,116
844,178,70,76
715,337,126,132
742,129,53,56
4156,286,84,139
425,376,158,134
617,513,209,199
474,283,98,133
1153,251,78,119
1111,353,137,140
937,92,40,35
708,186,86,72
1533,150,55,61
757,195,72,89
3002,203,83,91
858,277,127,120
570,195,77,77
407,102,35,40
1775,380,131,178
1635,162,55,66
715,206,92,84
2077,138,48,59
1575,283,105,125
516,254,108,115
738,227,67,102
489,152,86,52
739,494,217,220
2372,682,307,287
5364,661,267,246
951,110,58,35
717,169,59,75
1152,98,32,42
977,270,123,103
436,368,134,149
991,237,106,97
429,151,58,63
960,98,31,43
482,250,111,93
2433,224,96,97
1207,494,180,218
2237,382,149,182
1087,185,75,80
814,147,62,64
1341,50,22,23
865,87,35,35
399,333,135,123
1147,467,186,205
1265,144,57,51
521,353,130,140
951,125,52,45
1832,521,210,223
682,153,61,69
1195,212,83,98
1928,150,58,68
2481,256,96,109
560,343,139,137
639,128,67,51
803,185,77,81
2679,79,26,37
430,119,57,49
693,86,53,30
1779,105,43,44
1494,289,88,139
2506,485,172,214
826,122,51,53
315,291,123,104
597,159,59,65
1370,116,46,51
772,157,62,62
1564,384,154,183
827,303,143,109
949,106,37,46
1069,269,115,118
584,85,39,36
549,361,134,153
653,131,52,60
1414,168,61,75
1284,241,102,100
1761,657,212,320
1264,479,187,208
1598,89,38,42
1293,224,91,102
743,151,66,60
2303,138,52,67
763,687,285,292
1277,419,149,183
822,259,107,114
1475,211,82,100
608,55,18,21
1625,190,68,88
757,389,164,155
486,129,62,46
488,81,36,32
899,369,169,163
2350,141,65,64
727,93,39,44
785,134,57,60
1502,354,141,154
655,91,40,39
829,473,179,194
731,202,66,97
1256,330,123,143
831,172,72,71
859,427,158,171
317,291,136,110
753,131,53,56
448,339,126,153
351,176,81,69
636,337,144,127
1402,243,115,95
657,106,44,50
1014,324,125,134
1309,644,211,301
656,145,59,55
754,252,98,113
937,307,118,125
726,210,80,99
1232,216,91,86
512,225,104,83
946,271,103,113
1462,412,186,177
3005,183,76,84
826,779,311,318
692,465,188,206
768,520,202,218
1296,319,110,149
1246,520,207,232
583,394,142,175
275,258,129,83
914,305,127,128
419,121,55,45
655,266,94,116
868,112,49,47
463,287,122,120
508,238,103,92
758,184,92,71
448,190,66,67
1742,386,144,179
812,546,240,209
1077,205,90,80
1012,244,99,102
1474,212,76,96
458,130,67,30
929,95,32,43
734,134,65,52
1453,195,78,85
715,112,46,44
1152,318,125,127
1550,126,51,51
517,222,96,96
1856,199,78,89
1374,295,102,138
2107,279,115,117
980,233,89,95
2043,299,115,130
1095,633,274,272
1664,356,123,159
996,254,90,79
1423,326,120,144
1540,109,41,39
1158,58,22,25
850,156,55,60
2062,114,44,50
697,85,38,33
1015,269,95,122
575,251,104,108
2414,179,61,75
981,112,46,50
5416,341,138,132
846,127,50,55
2050,246,86,107
1089,264,102,112
1791,149,63,63
1840,358,114,172
705,229,83,97
1673,123,47,61
1257,75,38,33
3000,640,261,267
418,314,140,118
339,172,58,68
1224,108,46,45
1432,88,25,41
793,134,42,66
467,192,69,80
550,267,107,108
459,101,37,41
1463,193,60,97
740,411,177,160
3690,394,139,180
772,177,75,73
2391,293,111,136
504,338,144,140
1185,298,119,140
459,159,69,74
626,321,146,117
797,216,83,79
1163,322,131,142
803,323,126,139
1732,471,216,183
1128,647,227,291
878,826,323,342
579,192,66,75
1999,375,145,156
494,1107,505,408
2876,429,162,177
334,290,115,123
667,178,71,77
1180,330,144,127
1111,633,247,270
1163,202,93,83
883,290,124,107
1183,130,52,57
545,156,62,65
1974,149,60,61
687,193,89,82
295,205,75,79
814,502,197,213
2147,336,116,151
776,215,81,82
289,178,84,62
540,278,121,110
944,224,104,94
2357,139,68,47
1073,532,221,229
657,233,86,94
1655,153,55,66
2388,171,51,84
1856,298,116,138
447,152,72,60
569,435,182,181
419,97,44,38
1917,303,128,128
880,302,116,116
392,196,76,87
1016,389,151,154
708,376,161,144
195,83,38,30
925,519,233,210
1266,276,102,118
841,325,123,136
585,295,128,120
831,208,80,83
1213,295,99,137
1221,258,91,119
634,165,59,68
590,285,101,126
1763,261,102,111
787,217,97,83
524,237,91,97
2098,238,91,114
700,174,55,81
1255,696,299,291
588,179,81,75
929,507,205,223
1145,120,55,45
673,110,47,43
1412,115,42,60
641,150,60,57
937,60,22,29
734,380,158,142
493,288,117,99
688,474,166,209
1103,214,82,99
1717,94,37,42
1757,387,158,162
489,359,122,157
762,529,213,218
517,241,96,104
779,360,145,154
1503,540,243,225
1320,162,68,72
307,91,38,36
558,251,100,111
896,69,32,28
2828,140,63,61
1169,105,46,46
1375,332,125,149
527,206,86,74
1221,378,142,166
632,298,108,122
873,210,88,88
610,136,65,54
683,141,70,52
1278,246,87,111
666,372,160,170
596,144,59,63
868,129,59,53
869,357,150,135
1555,184,56,83
611,166,72,68
416,225,93,94
663,363,127,162
616,395,152,167
577,257,95,103
1027,241,91,100
674,243,85,106
1507,158,60,73
421,309,120,125
924,131,51,58
746,387,137,161
1133,372,120,159
845,161,55,73
164,119,58,41
1313,432,174,180
596,300,110,116
1243,188,75,90
679,498,172,230
2019,140,61,58
709,159,63,59
724,182,73,74
1982,151,59,73
1587,172,66,68
2322,326,121,130
1926,632,235,284
1478,719,282,311
764,84,34,34
661,128,54,47
1342,356,151,151
1267,342,116,141
1444,356,143,156
1190,242,88,114
1931,275,111,112
721,133,52,56
1975,114,38,50
771,151,56,71
578,636,255,271
628,247,98,100
541,287,134,108
1123,275,102,115
663,213,94,77
523,252,91,115
1001,727,316,299
718,206,73,95
813,632,239,273
1830,151,48,65
800,163,64,71
990,242,100,104
2881,108,43,41
934,404,137,186
1383,211,83,85
1077,156,66,66
2499,146,46,69
4820,357,132,141
713,103,46,39
590,949,383,392
1226,152,57,65
894,414,150,183
998,318,123,140
2528,124,47,52
1578,157,56,71
521,108,40,39
895,381,135,173
788,195,66,83
6637,621,254,228
2194,182,71,81
1006,442,180,178
626,310,113,139
1106,325,115,148
508,437,150,195
556,287,117,99
1365,155,63,61
344,137,54,59
484,142,60,55
783,164,74,69
782,281,98,119
1008,324,133,139
509,333,130,123
537,131,60,43
489,284,98,125
886,112,52,39
959,254,87,110
1226,190,72,87
1070,356,147,173
582,129,42,58
511,424,202,153
1565,154,60,66
805,105,40,45
812,375,128,181
469,118,57,35
414,202,79,76
1474,115,59,45
920,191,77,75
1215,354,126,160
452,348,146,143
455,89,45,32
938,62,26,25
707,283,110,116
858,197,82,85
586,146,64,53
1461,98,42,37
1595,372,127,166
1420,464,190,201
1504,111,33,50
1019,257,110,109
2806,158,56,78
923,213,83,81
839,102,36,41
484,73,38,24
655,221,105,95
796,445,177,187
1316,124,55,49
1236,286,129,115
510,140,60,62
498,271,123,92
385,142,46,63
1275,309,120,131
517,186,75,77
374,93,44,31
1037,188,71,78
926,276,106,130
1028,141,62,63
1511,219,90,96
1349,412,154,172
1115,178,67,67
723,126,52,44
536,126,56,51
839,467,198,200
753,434,164,199
3098,192,66,93
654,361,127,157
670,603,237,254
345,215,108,74
1753,123,59,53
1926,269,112,113
403,81,39,32
496,187,72,78
558,587,276,245
2580,296,108,135
851,380,146,166
1272,110,42,52
1681,224,90,110
620,129,51,54
714,127,57,53
1418,279,100,117
1145,128,50,58
772,110,48,47
567,152,55,65
636,99,42,38
2387,188,68,91
1182,200,69,82
1080,515,230,199
1017,135,53,64
471,542,184,250
543,267,128,109
1082,273,117,115
690,179,67,75
2029,303,112,128
984,243,88,107
212,136,50,50
1968,169,77,72
516,178,73,78
740,703,281,280
707,116,44,49
331,148,66,52
739,225,79,104
890,386,129,178
714,144,57,61
842,212,95,87
1337,89,40,37
532,230,105,84
867,390,144,177
959,146,57,62
757,536,193,241
1943,139,49,65
507,356,147,135
672,440,170,196
1001,140,61,54
366,192,107,59
694,91,40,40
1209,333,131,146
1172,194,85,81
467,191,91,72
465,358,147,152
960,128,61,51
1335,433,185,191
1192,176,61,81
745,701,332,244
1126,108,45,44
627,187,75,82
1011,172,58,80
1612,92,34,41
367,254,97,110
289,209,78,93
1294,397,144,167
1878,419,168,180
1493,341,147,157
844,110,47,43
612,179,72,69
457,86,42,34
562,278,114,124
1670,124,56,52
579,316,139,133
952,357,157,148
1759,999,411,433
2154,585,213,263
1015,603,221,250
1709,213,93,95
806,302,134,112
777,287,106,115
698,108,45,42
520,170,64,65
1804,251,78,117
973,370,148,165
922,352,136,141
1334,137,46,60
485,378,164,150
951,163,62,72
2583,343,123,151
607,171,82,56
394,341,146,141
651,180,87,67
594,368,135,130
1119,308,113,148
1719,333,149,146
1593,157,54,68
1580,400,182,168
1121,301,109,143
578,80,29,36
637,386,159,160
930,564,237,223
2805,150,73,65
488,222,81,97
614,407,174,174
957,124,41,55
772,224,88,108
1345,416,185,165
2085,472,166,204
3685,157,59,68
1070,64,22,29
1602,51,22,22
638,556,243,228
1275,978,365,388
2024,338,123,148
846,299,108,124
239,74,37,28
1248,803,339,360
1488,288,101,130
1782,560,241,232
963,229,91,96
394,132,50,61
1561,64,22,32
406,188,58,67
1388,313,107,146
480,135,58,54
887,218,89,96
785,164,60,67
760,203,78,89
471,74,37,29
1324,195,72,88
829,1288,497,555
1390,158,51,63
1000,593,220,287
1938,181,75,86
1436,254,96,113
1015,395,135,194
1661,207,50,105
1884,340,143,141
406,94,45,37
1093,563,240,231
1033,148,74,62
740,354,142,144
701,330,139,138
1649,340,133,146
1180,80,31,30
1055,226,110,86
3213,242,115,88
650,380,145,166
834,193,84,76
1606,353,130,146
710,205,76,90
462,135,53,58
893,189,64,79
499,242,80,116
586,499,220,196
909,117,43,51
758,614,257,276
1024,243,88,104
1461,101,38,46
788,388,179,153
722,159,64,66
1916,143,56,62
539,272,102,127
531,323,105,120
1634,376,152,163
604,261,110,109
422,124,57,55
1913,72,25,35
605,104,41,42
518,888,411,324
944,243,97,105
525,182,52,75
1392,362,157,150
863,348,143,145
244,581,239,204
601,306,126,126
706,158,63,69
1872,146,71,57
1104,173,58,85
515,192,75,84
693,249,88,102
1428,140,52,62
462,250,108,99
571,130,49,57
1240,142,64,54
1199,330,120,143
854,270,109,110
652,298,119,135
1376,497,200,188
618,226,87,99
905,452,193,183
497,360,128,153
4364,213,77,93
591,250,101,109
797,168,55,74
384,412,161,175
830,753,300,287
1234,139,59,55
1122,280,123,102
1113,674,281,282
389,225,94,84
497,247,98,107
413,123,49,51
844,230,94,99
1003,175,82,71
2400,213,87,98
1282,131,60,49
1008,194,80,82
1103,263,118,110
2277,84,38,35
591,356,141,151
976,383,135,169
270,150,71,59
491,311,136,127
442,76,39,30
1652,166,71,72
753,284,127,112
539,194,64,73
1217,334,140,143
2765,168,73,75
1141,113,34,52
619,436,171,186
720,265,87,118
778,294,111,120
709,57,23,26
850,358,148,140
1279,639,234,276
1264,270,106,120
1008,148,75,56
316,179,77,62
2079,281,101,121
426,314,133,122
735,95,49,36
1972,180,63,84
732,185,60,92
788,70,33,29
540,81,35,37
1290,282,105,137
481,186,85,69
564,369,155,151
1158,296,120,126
605,154,65,66
2189,534,203,209
1172,57,19,25
2646,369,147,156
1388,582,234,235
701,109,41,41
2474,110,52,43
664,379,163,151
443,53,25,19
831,858,348,348
482,242,87,102
323,97,48,33
996,115,49,45
358,107,59,34
807,148,49,62
1641,467,179,208
1342,83,50,30
1483,386,156,165
526,283,108,117
891,123,62,43
1154,306,128,133
1475,271,92,126
940,97,35,39
1796,260,86,122
264,278,126,110
1656,233,80,103
847,167,73,70
563,114,49,48
1145,321,129,123
578,165,66,65
1176,221,83,89
1232,152,61,66
347,55,34,17
1820,254,106,113
1518,235,88,105
1516,344,147,140
478,100,44,41
994,235,90,110
468,345,136,142
1222,335,134,150
1163,482,187,212
669,336,139,140
520,193,82,78
815,274,105,114
1480,327,111,141
965,210,94,90
1122,345,122,157
1635,417,179,177
727,225,82,97
1241,112,41,49
530,142,70,50
576,157,89,51
6779,672,283,254
1789,350,137,151
492,192,77,74
1408,301,106,136
981,171,63,78
1104,243,93,105
401,40,14,17
654,127,67,46
428,363,138,153
2148,206,81,99
830,274,142,99
537,203,83,85
464,222,93,78
491,183,75,67
818,139,53,63
1390,156,64,70
3036,416,157,186
1443,378,141,160
693,140,70,54
1425,214,79,87
1080,149,71,61
697,386,155,162
658,165,76,70
2248,196,85,78
795,209,99,82
526,298,122,112
823,217,100,85
708,251,101,114
471,461,190,183
950,427,176,183
601,74,27,32
408,153,62,63
853,529,221,231
1069,513,203,218
488,163,71,65
517,925,383,368
915,242,99,99
2834,80,28,41
1265,214,88,91
678,314,159,107
963,400,168,138
709,373,163,147
1408,102,40,48
595,302,119,132
1420,256,112,101
493,159,62,58
1121,328,135,137
438,188,75,80
1378,453,192,201
1445,306,117,134
1277,390,120,181
1054,300,107,139
2394,291,105,125
883,355,155,148
533,403,149,167
449,105,40,48
2451,197,82,98
1563,336,121,149
1016,152,72,65
982,406,169,150
1030,520,177,214
690,106,35,46
764,330,131,141
564,188,69,71
2115,143,48,63
2801,275,100,128
706,249,85,113
522,94,38,37
850,124,46,46
668,367,144,163
785,81,28,35
597,263,103,111
806,268,87,115
673,81,36,32
1452,90,39,37
545,246,101,107
633,322,129,134
850,71,29,24
836,565,229,230
597,121,57,51
371,65,29,27
542,229,116,90
758,312,131,126
763,361,150,147
661,163,70,68
1478,414,139,194
1324,215,81,96
3018,397,150,177
567,137,56,53
691,138,53,59
465,194,80,84
736,379,147,152
617,553,216,225
2902,286,97,126
880,233,87,94
1034,417,163,171
1268,123,43,56
505,149,63,54
639,250,124,106
412,250,96,109
358,93,46,31
837,230,94,107
1343,79,38,28
1884,184,71,83
509,345,118,142
616,189,81,82
494,123,54,47
1610,308,112,142
895,121,46,53
775,365,184,133
558,405,150,176
3130,787,312,338
1304,272,87,117
432,111,49,42
1356,222,82,102
1099,217,90,104
2094,178,76,68
453,500,242,174
1904,253,79,114
2334,221,75,103
577,268,112,109
421,216,82,90
748,259,105,117
1353,129,50,59
6792,677,274,260
1118,532,229,216
1354,158,66,70
1029,284,119,120
713,482,177,183
486,393,143,169
955,341,121,159
2062,142,52,59
463,217,81,90
1149,794,314,330
1166,324,131,148
2747,346,109,161
1536,153,60,64
1010,89,37,35
943,235,89,110
2852,200,86,88
425,111,46,47
1036,85,32,40
663,349,126,133
420,166,75,68
946,262,91,121
673,119,49,56
407,352,144,132
616,145,48,59
796,173,66,72
1040,201,74,80
1487,376,171,147
235,96,42,33
468,145,61,71
720,127,49,61
1473,153,58,74
1657,270,84,134
1567,195,58,88
994,585,243,246
628,362,165,146
801,587,230,244
651,236,114,87
1779,203,79,90
517,181,62,81
465,221,92,90
1335,252,78,122
1088,292,132,97
1183,104,55,36
838,201,83,83
1684,245,94,100
976,274,126,112
851,140,55,64
1035,282,114,117
1380,458,184,184
864,144,70,56
1476,115,52,43
888,120,46,50
804,196,69,86
1177,166,67,73
1579,462,171,200
792,360,148,151
831,463,161,204
262,181,76,81
715,180,81,72
1798,152,45,71
2264,297,115,137
963,201,82,91
561,180,97,72
1055,633,253,252
1205,176,74,77
1575,273,138,99
1781,124,56,53
516,122,48,50
897,107,37,47
482,117,58,41
1320,146,52,72
1422,448,165,196
730,161,67,66
1525,279,100,114
348,122,56,49
1523,198,85,73
496,280,117,109
373,127,56,59
1073,271,94,110
979,134,59,51
272,163,72,65
212,259,118,93
1259,439,177,190
350,199,78,72
964,193,74,84
1017,137,60,58
2510,299,97,136
1615,115,49,48
404,194,83,67
1693,158,70,68
830,408,149,180
1020,410,141,196
1494,484,172,218
483,218,93,85
1225,134,51,61
1174,67,25,29
1724,416,156,193
812,267,118,104
847,190,73,84
838,303,128,124
586,132,58,52
1054,76,33,23
2137,436,204,157
517,133,52,47
531,278,109,116
1299,111,38,46
1968,332,97,151
599,137,60,51
2178,177,74,75
571,405,155,185
913,211,100,68
473,472,188,200
826,396,146,180
556,186,89,81
434,248,109,92
774,75,28,31
533,83,43,28
3744,454,202,173
998,316,144,131
734,128,53,46
564,309,129,128
501,91,45,29
2010,306,112,134
725,434,161,152
1252,168,54,72
1233,128,48,49
171,121,47,48
1035,538,211,224
804,104,47,41
683,218,82,99
574,335,114,134
318,161,75,58
608,107,46,40
550,146,58,61
578,512,197,203
924,273,105,115
526,129,54,50
967,252,97,119
932,615,246,270
1101,230,81,105
1166,95,39,45
896,274,93,129
1150,285,108,134
3086,136,44,63
836,134,57,55
2219,425,172,189
2810,320,111,137
873,157,62,65
656,217,89,96
1005,258,94,110
1414,139,68,49
720,572,226,249
1021,113,39,55
1061,278,97,120
1086,300,109,138
390,94,38,37
448,223,84,93
589,252,104,107
470,252,114,103
1541,136,63,54
552,505,219,180
674,44,21,19
705,306,118,130
758,291,107,127
597,139,62,60
829,198,73,89
533,244,112,77
1562,394,191,151
646,180,81,75
1031,423,180,179
809,185,71,81
561,315,137,128
1935,145,61,59
462,285,121,119
1296,142,50,59
697,177,63,75
1495,100,46,41
2023,574,198,252
707,240,107,111
697,316,119,145
510,138,73,48
552,205,91,75
1430,96,41,42
836,312,128,124
276,242,104,83
822,195,70,96
906,120,44,45
511,284,117,102
812,472,177,194
925,188,71,72
1783,205,69,95
858,143,52,62
454,485,196,189
1310,153,54,60
2073,222,88,90
5689,800,312,317
232,66,32,27
329,311,158,95
604,565,212,230
1416,331,138,146
895,132,54,57
991,200,81,82
942,288,110,125
1209,136,61,54
433,192,78,79
681,82,33,32
823,124,48,57
343,280,135,97
351,543,221,222
1871,164,53,74
395,448,193,161
696,94,35,42
859,306,111,137
692,326,107,138
890,247,103,104
1380,115,45,49
1407,274,94,117
415,119,47,50
510,498,210,213
603,221,76,90
861,219,90,92
1471,311,141,117
613,154,65,72
1145,239,91,102
968,579,230,253
622,136,58,54
586,256,110,96
1656,548,183,238
589,459,165,193
877,131,43,55
559,442,173,191
1469,246,95,116
660,180,57,78
413,282,102,120
792,177,78,70
682,172,76,74
869,187,65,82
1368,266,112,118
417,138,55,55
621,240,106,98
510,270,101,110
714,240,87,110
821,303,113,127
1078,425,182,181
530,53,19,21
1070,226,95,86
2444,220,73,96
393,80,35,27
831,63,31,21
2360,187,82,81
825,193,75,93
846,179,78,81
781,366,152,159
1054,231,104,90
746,184,75,79
423,265,93,120
1019,366,159,167
1994,216,94,85
1719,234,98,99
925,421,181,172
690,411,146,166
786,237,101,103
2667,355,151,134
1522,717,255,306
819,144,52,61
570,180,74,77
992,127,43,53
718,505,195,222
762,192,78,94
1626,344,123,144
741,96,34,38
1074,372,173,146
1059,662,263,259
653,272,116,114
419,183,60,73
166,104,50,38
1073,149,54,64
581,123,48,54
1670,269,111,108
515,93,40,38
1785,278,96,128
1302,62,28,19
1922,141,53,60
489,209,73,87
1207,273,123,117
2930,97,40,46
1311,153,59,70
424,496,209,192
1766,317,125,137
1157,506,208,225
1309,298,102,145
1231,191,77,82
474,139,53,63
895,303,120,128
597,149,62,59
425,78,43,31
1168,217,81,88
1310,748,263,330
1668,342,111,144
1368,139,67,51
1917,699,275,298
2206,153,49,67
716,334,138,148
547,134,45,63
1489,270,98,123
818,114,46,52
793,92,38,44
1471,144,54,63
640,181,82,76
679,207,94,90
1211,636,235,266
631,245,87,111
496,168,79,58
1197,129,61,46
492,318,131,130
1000,239,106,90
484,233,88,90
1193,322,148,112
1094,123,52,51
412,153,63,66
792,152,65,58
407,234,97,86
421,269,79,108
3361,217,83,81
1887,432,175,176
688,180,70,78
678,435,160,182
307,73,29,31
1053,115,49,51
1334,90,41,41
642,255,104,108
473,261,102,118
638,86,37,41
784,452,175,199
745,83,38,28
1146,204,84,90
1764,189,76,81
908,207,72,78
1208,89,36,40
1845,75,30,30
938,430,177,169
1106,97,42,41
536,222,101,87
685,120,54,50
1424,175,75,75
255,549,208,211
558,91,36,34
504,1082,443,400
830,288,117,124
913,314,118,134
689,281,118,112
383,227,90,84
701,375,139,162
818,689,297,279
2840,325,112,150
835,175,71,79
941,104,36,49
2090,262,92,127
448,220,100,83
1378,487,184,214
1300,148,61,66
655,225,85,98
677,863,334,330
662,236,90,102
820,164,75,68
491,303,125,120
1154,186,67,80
1195,154,59,68
770,228,91,93
516,237,97,99
874,299,121,127
1392,209,77,94
649,260,96,105
1785,368,140,163
729,394,169,164
817,127,57,51
770,231,100,103
690,114,45,49
1212,241,84,113
1310,110,43,46
1281,125,46,53
562,138,57,54
6389,322,127,137
1086,106,40,43
667,102,44,41
1080,63,37,23
1090,209,85,91
451,267,119,101
540,130,50,54
903,346,143,153
1430,444,186,179
3994,639,227,277
1377,299,123,113
659,342,154,108
1730,537,243,221
1274,372,159,172
568,405,155,171
434,227,90,90
405,291,117,123
1665,520,203,246
2711,330,109,147
1814,159,55,79
520,402,148,173
3349,151,51,72
2459,286,76,135
800,200,81,86
1301,459,165,220
514,135,53,51
681,280,92,114
896,263,124,109
200,135,63,50
574,310,120,127
961,146,68,55
1465,224,88,108
745,339,136,152
1338,145,55,60
1823,205,76,98
1918,131,47,64
470,329,147,133
413,81,30,34
1161,633,227,293
650,272,106,110
1668,279,108,113
953,142,57,58
730,83,31,37
452,392,153,158
905,250,112,106
975,281,108,120
942,511,198,223
1266,345,135,148
875,456,192,184
741,168,76,61
401,354,139,149
809,245,114,101
642,82,43,35
621,363,147,148
745,288,126,124
749,277,118,114
687,490,214,201
1376,252,87,111
1053,122,51,54
1086,276,94,127
461,48,22,20
1393,129,52,56
458,205,81,85
1713,529,165,230
351,245,98,99
678,670,252,267
1005,153,61,65
578,211,102,84
1470,292,106,123
1320,269,115,105
2421,418,132,199
875,74,32,34
464,174,77,66
565,72,39,26
498,447,195,170
1150,267,100,123
642,53,29,15
1061,362,169,127
893,539,199,229
2041,222,74,94
1497,108,36,49
770,175,74,68
1484,434,154,191
868,458,160,195
618,186,85,75
542,63,23,25
2012,187,71,86
927,299,133,126
1857,409,153,183
852,140,54,54
1537,315,117,131
488,380,169,158
3141,341,117,162
692,374,162,147
626,100,43,45
956,367,147,166
1418,357,156,156
1292,230,84,102
760,636,285,274
801,66,36,21
1575,177,72,74
943,109,38,48
1862,121,48,61
901,143,52,66
225,210,78,81
784,198,79,82
1143,259,118,112
3615,159,66,65
1297,235,64,115
1480,132,43,58
1415,145,63,51
872,475,176,203
587,281,101,123
1649,60,32,19
707,94,28,42
1201,310,118,127
769,297,114,120
1269,241,84,114
525,253,109,87
390,252,105,108
360,237,114,85
680,67,29,30
1529,270,92,116
1790,418,150,203
802,143,71,55
352,119,50,42
1471,199,86,81
245,109,44,37
1086,72,30,33
628,286,130,106
762,188,66,89
2905,105,42,47
837,540,202,239
1826,175,69,77
1082,304,127,123
1099,413,144,190
631,155,73,56
996,40,13,20
2235,371,157,155
1081,299,127,116
1476,176,72,82
757,151,58,69
2693,198,82,78
575,286,117,111
1461,241,88,105
880,105,50,38
1368,611,221,284
566,151,73,62
1658,340,143,139
3610,209,77,90
919,322,127,139
1336,363,125,168
1108,358,139,160
487,435,176,187
570,54,20,23
1130,166,61,82
744,170,79,66
1097,320,127,133
1953,137,67,56
2480,244,95,116
599,227,98,93
1774,141,50,59
610,302,140,126
1330,282,111,120
680,158,58,74
861,110,43,49
308,108,51,34
704,247,94,108
605,152,60,58
3316,386,127,190
470,195,87,80
1702,240,88,116
580,100,39,38
620,249,97,109
1704,485,190,214
821,49,19,22
534,234,99,86
368,247,112,94
1899,64,24,25
801,360,151,149
779,111,43,46
1017,208,84,93
1146,188,77,81
666,520,212,203
308,105,37,37
694,116,54,43
1860,435,153,196
1384,222,78,98
662,353,151,139
1202,159,96,58
1639,438,173,191
670,424,170,179
835,106,42,50
457,305,119,128
679,539,174,222
797,262,104,115
275,70,30,23
552,170,73,59
462,187,81,63
1069,154,72,59
1151,299,123,140
648,871,362,354
751,90,34,41
507,234,94,108
133,44,22,11
1438,453,171,190
2519,162,43,85
2335,260,103,119
2725,70,31,30
831,448,187,186
553,225,105,86
739,255,110,98
742,190,89,77
872,321,107,138
2194,126,47,56
1356,192,78,80
675,154,63,63
686,112,49,48
664,208,83,89
271,99,41,42
836,251,107,104
730,782,307,323
759,162,82,56
363,338,158,130
1115,281,114,122
809,352,128,144
719,125,52,51
3566,135,46,59
648,173,69,77
505,256,106,93
467,193,75,80
1775,336,125,153
692,109,44,47
1554,400,143,189
1177,133,57,62
695,522,202,227
574,120,39,51
381,356,122,152
694,222,80,103
5399,330,114,133
339,417,163,178
1360,130,54,58
957,23,11,9
1352,275,107,126
1347,371,155,157
1332,365,135,156
860,130,49,55
1816,89,34,35
522,149,54,75
769,341,148,138
523,124,51,45
1064,214,82,89
908,63,26,25
682,154,65,72
1085,152,46,69
209,238,102,97
728,158,63,68
1816,378,128,172
506,189,78,80
1369,230,80,100
2230,225,81,109
449,311,145,125
881,116,44,50
747,164,55,76
1207,399,158,172
796,266,106,108
734,476,198,184
955,263,108,116
696,239,91,109
2001,498,201,222
409,207,94,80
2415,318,99,148
533,227,86,102
477,124,51,53
2042,224,78,102
821,414,174,187
785,531,223,227
513,63,34,21
608,248,110,105
1336,210,96,86
486,281,119,119
682,54,26,23
363,259,113,100
1358,206,74,95
530,155,63,58
610,87,40,35
614,424,149,173
1072,348,137,150
680,721,357,229
2300,207,77,100
947,814,357,344
6576,520,195,214
544,98,42,31
912,210,83,92
906,332,121,155
613,147,57,61
780,148,57,60
645,262,100,103
555,314,117,138
1042,322,145,128
1282,149,41,67
1507,166,59,76
765,277,104,112
1317,157,57,70
1830,129,52,57
753,109,44,46
1009,164,63,77
959,362,143,147
1092,151,72,54
411,97,45,38
511,115,49,44
1477,316,120,129
933,173,62,84
612,391,147,167
1446,166,68,75
673,167,68,72
881,133,43,54
352,402,149,173
821,253,101,108
589,228,91,99
762,211,91,85
5862,314,122,118
2993,340,94,174
811,216,78,96
382,136,59,46
896,197,81,73
865,128,47,55
990,220,102,100
468,118,53,47
1014,211,82,87
1186,153,64,67
1304,331,110,147
922,375,158,164
679,213,75,98
458,98,43,40
819,487,186,209
1157,318,132,120
2628,207,88,89
750,621,239,252
582,170,63,59
749,191,70,90
913,413,132,171
468,98,45,40
850,210,85,85
283,138,56,58
5337,278,119,112
1013,581,210,257
677,184,72,81
865,64,24,28
916,310,97,140
1264,269,113,112
780,229,87,105
361,106,35,43
1203,135,56,61
408,650,264,268
990,635,277,241
717,171,67,74
961,217,96,89
890,610,224,240
643,718,303,268
721,420,176,170
1029,88,37,38
526,315,141,136
1105,131,55,50
1276,230,89,90
768,185,73,73
1351,116,45,49
652,236,94,103
722,76,32,33
1012,330,127,149
585,188,81,69
1178,342,141,147
382,365,150,145
264,210,90,82
1098,144,59,64
568,158,58,60
1372,214,81,98
948,258,96,121
424,329,165,123
1246,736,316,285
1589,137,49,56
1031,574,247,241
794,209,93,92
551,241,93,102
251,96,46,35
481,509,210,208
983,350,147,152
712,200,81,86
636,161,69,70
1414,401,158,171
1977,214,87,96
1313,344,130,155
459,390,153,171
674,95,46,35
1000,98,38,38
681,321,116,143
876,218,93,91
290,194,91,75
1037,213,89,94
899,143,68,42
487,93,38,36
720,122,53,48
434,122,56,48
346,440,199,157
1072,210,85,85
652,124,47,55
648,403,161,177
519,100,38,35
445,187,77,79
373,302,120,132
1604,133,50,61
1675,125,66,48
679,122,42,46
871,324,137,136
2204,145,56,65
1799,174,70,80
1483,298,120,131
1091,462,164,197
279,107,51,42
1739,318,119,133
253,209,86,83
964,467,197,187
1238,92,39,42
1430,172,76,75
2418,359,144,154
495,230,99,92
462,280,100,125
581,104,42,41
1340,294,111,130
1790,213,73,90
944,316,129,122
516,388,174,163
373,192,81,86
902,110,46,47
2287,124,49,48
568,161,70,56
938,300,114,128
814,292,113,121
1799,344,131,146
721,250,96,108
781,175,74,73
973,213,80,100
404,179,79,74
1367,275,97,123
2029,122,49,59
914,460,210,174
1394,254,98,113
1204,238,72,100
1898,268,100,117
1222,219,86,102
1046,235,89,108
813,867,365,386
971,157,81,48
1380,131,58,53
1091,206,70,96
1233,597,260,242
1682,80,38,32
1094,236,86,110
772,345,132,142
458,168,51,78
835,175,76,72
952,215,103,76
789,148,57,57
1169,58,20,28
1161,85,34,36
736,118,54,46
618,410,183,149
815,232,79,104
632,253,112,105
844,132,57,44
888,146,42,74
536,114,49,45
758,270,138,97
1251,240,91,99
1038,129,47,57
1097,105,38,43
603,171,75,70
1415,178,74,76
1420,109,56,37
1851,316,119,127
386,132,63,52
1320,322,121,141
1099,386,143,154
778,144,49,63
892,268,74,126
998,316,139,142
2727,153,61,71
1560,77,26,35
1794,246,96,109
706,116,44,46
957,280,91,122
2659,243,103,84
1833,109,35,56
404,167,60,68
1157,144,68,55
1149,230,76,115
1365,376,140,175
2898,403,146,187
211,99,43,39
510,276,125,110
343,101,39,39
1135,87,34,39
340,107,59,37
652,327,136,125
1735,86,45,29
1122,76,40,26
1203,240,75,111
1291,392,158,171
942,201,102,78
841,186,77,80
235,188,100,80
1689,198,64,88
639,121,55,44
657,248,127,97
1569,580,232,253
801,159,62,71
562,217,101,91
937,421,180,181
1045,223,80,106
1312,486,213,211
1004,400,157,158
816,258,97,112
1378,312,99,141
526,1016,417,407
1109,96,44,44
881,225,95,97
1142,300,139,125
965,727,277,309
1381,322,115,146
202,426,160,191
1076,206,89,86
1107,114,39,55
1267,283,90,120
1024,112,35,47
1863,159,64,72
1462,311,126,146
1819,448,175,182
607,331,118,151
941,496,190,200
719,418,150,186
320,138,58,51
1682,334,113,144
2480,280,94,133
759,92,43,31
2593,130,50,69
407,79,38,30
573,345,129,145
331,143,53,62
1109,351,137,149
2007,315,128,140
3780,129,45,56
429,145,58,64
420,144,52,64
518,68,26,33
990,587,229,243
1041,297,135,120
1322,110,38,52
1589,336,129,145
482,283,131,96
1201,251,96,92
486,94,29,40
691,209,79,98
455,464,199,189
693,263,95,106
1266,269,102,117
470,230,84,92
460,316,139,128
486,360,136,146
1653,266,109,121
1475,118,47,53
1258,651,238,264
1144,429,165,184
585,139,56,63
293,291,138,111
1090,251,112,78
487,234,92,103
902,184,66,85
750,499,186,214
516,125,57,51
543,203,92,81
564,133,54,60
378,108,49,43
1565,98,41,47
1238,139,57,57
615,307,115,126
1236,250,112,78
712,67,24,25
609,149,59,62
728,322,114,141
792,435,166,177
781,269,115,107
306,123,44,46
2846,586,208,243
939,750,255,309
1637,270,116,109
1693,497,193,232
717,296,119,127
610,197,69,91
1127,315,134,122
601,268,128,99
674,482,221,166
971,334,132,142
495,150,63,55
720,119,55,49
1050,257,99,108
532,329,140,136
1649,339,157,150
953,301,123,131
1449,177,75,71
572,241,98,102
1716,394,150,172
446,218,90,91
1500,100,41,44
2184,354,131,163
765,212,87,85
649,257,78,107
2919,334,104,169
1780,146,54,65
1134,342,141,152
759,178,82,73
2546,413,179,168
491,367,159,146
959,189,74,84
2868,227,72,100
1873,118,47,51
837,183,76,77
848,261,106,121
467,249,96,105
1429,123,49,57
765,400,143,170
323,301,115,117
1225,79,28,34
902,133,63,45
1303,90,37,39
608,119,51,49
1890,117,37,60
434,43,17,17
470,51,26,21
691,296,117,122
452,179,80,76
1359,150,59,64
481,269,128,102
629,403,159,173
785,172,85,68
742,412,182,181
995,335,121,145
1192,199,71,90
805,329,117,132
589,430,177,182
1329,149,66,61
2232,92,36,39
207,153,61,62
1660,249,94,114
2707,267,108,121
597,125,57,45
1501,326,115,138
371,253,111,94
1020,219,89,109
1447,257,84,122
888,232,109,92
1661,395,152,167
420,197,68,81
558,294,104,130
689,318,138,131
698,49,18,21
2340,259,87,118
626,448,195,172
1894,872,311,369
533,209,85,79
1370,117,53,45
1478,325,135,148
403,246,102,106
401,310,123,131
606,77,33,29
880,211,81,92
1046,85,28,38
916,69,26,32
1190,208,76,91
1033,481,185,208
485,273,104,122
769,393,159,162
1841,133,50,62
1043,284,103,112
482,262,114,104
2262,216,90,90
589,288,99,128
824,161,55,64
1674,105,34,51
2019,263,83,126
196,106,60,34
519,249,90,101
1129,351,125,136
1290,185,71,69
615,184,82,70
1650,116,44,51
806,520,207,207
363,153,76,61
521,153,56,70
543,273,104,116
375,516,215,208
1184,483,164,209
2382,214,85,101
996,357,132,145
624,307,133,125
779,509,212,198
602,253,99,112
294,180,74,58
819,184,70,78
790,118,46,47
1055,705,247,292
617,628,246,276
1477,500,169,236
515,99,44,42
1133,317,130,132