3216,259,110,115
3283,244,91,106
1706,206,84,87
3569,382,152,160
4423,357,115,177
4567,490,161,218
3299,237,131,86
3999,357,129,161
2330,354,161,118
1062,72,31,30
1901,115,46,54
2745,159,67,66
4225,365,145,163
4086,446,175,178
3550,298,111,124
5464,521,209,209
6514,668,302,262
1333,172,75,70
2214,175,78,73
2979,352,152,146
2568,157,62,64
2787,198,81,87
788,66,28,25
2395,268,112,99
2247,171,76,65
2691,186,68,88
2888,192,80,70
1837,168,83,68
3506,314,102,155
2936,284,95,114
1367,116,53,51
1611,117,47,44
2384,229,80,104
4145,311,111,148
3871,358,151,142
3180,137,48,56
2162,291,111,116
1760,144,69,59
2135,316,132,137
8547,879,307,372
2663,156,72,69
1965,167,62,68
1827,146,65,52
5627,573,222,232
2706,215,96,93
5853,481,191,210
1828,124,46,52
4815,364,145,161
1840,193,76,77
2154,135,56,56
2833,238,92,100
1448,177,85,61
10085,551,228,210
2125,317,162,108
2622,301,114,131
3909,443,160,188
3424,329,129,125
2351,68,30,26
3011,349,134,142
3508,247,111,101
1914,130,61,56
2252,216,84,94
910,73,35,28
6740,693,282,288
6059,886,364,316
2157,243,84,113
1791,134,56,55
4803,374,118,186
3712,335,127,131
1314,161,61,57
3966,428,156,191
1164,86,32,33
1097,84,38,26
3857,376,161,155
1601,154,79,59
2383,198,79,79
2525,221,105,87
1679,116,42,50
2060,300,119,123
3726,351,132,144
2006,200,87,79
2268,147,58,67
4876,576,233,250
4363,335,106,168
2407,194,77,80
4205,483,192,209
5071,633,275,259
1858,265,84,102
2067,119,44,50
2640,106,45,51
4358,384,158,168
3417,216,78,97
5402,704,321,299
683,147,57,42
1625,158,61,68
1608,104,43,40
5036,376,142,159
2533,136,54,59
1745,70,30,27
1298,61,17,28
9499,660,256,294
3001,199,66,87
2475,237,87,92
3296,274,92,124
503,64,28,17
2613,270,100,117
1476,108,53,45
1743,131,56,55
4072,273,86,134
10010,977,426,378
1712,145,67,57
2249,200,87,79
2481,270,92,121
2575,206,86,88
8447,497,209,195
3164,223,101,86
2220,111,41,52
2079,255,105,98
2125,149,55,68
1376,138,57,57
2709,207,78,104
5371,441,190,188
1247,158,53,67
1262,120,42,43
2720,69,32,28
2304,162,69,66
1894,192,82,77
3643,284,108,127
3656,387,153,170
1924,229,88,87
1382,148,61,61
2451,132,63,60
2385,220,81,86
7853,755,300,320
2783,214,77,102
1931,109,50,42
3785,402,159,186
3549,190,60,96
3266,225,74,102
1273,97,45,38
3470,231,78,99
1822,194,86,84
1246,70,31,30
1422,119,48,52
3128,249,96,106
2801,312,120,144
3187,459,193,176
3878,392,154,165
1552,111,39,49
2297,131,53,56
5985,703,275,298
4295,401,150,174
4291,330,108,144
3342,437,173,187
2189,95,40,38
3170,381,155,151
1528,146,58,52
2764,232,77,93
3274,250,98,103
3064,207,59,86
3823,393,165,166
2370,189,69,88
1708,180,70,77
1876,198,83,83
4958,651,233,233
2501,216,85,93
3666,320,126,143
3611,278,96,132
5658,467,175,209
2242,162,58,70
1332,148,60,60
2296,305,127,124
939,68,25,27
8471,610,226,242
6470,767,274,328
2657,290,106,112
2163,126,57,46
4685,352,127,156
2690,238,101,102
2087,184,78,72
2466,232,89,92
2793,378,165,155
2355,198,78,80
989,130,47,44
1629,50,24,22
3820,307,103,146
1087,91,46,35
1940,158,51,70
2722,246,110,83
1792,112,48,51
3471,323,126,132
2524,229,71,87
2669,328,126,137
1984,231,97,96
2033,159,65,61
1498,118,47,50
3120,258,78,104
3519,258,106,112
4778,371,152,153
5718,694,295,295
2190,73,36,31
2627,267,98,111
4234,373,128,164
3720,244,99,103
2868,207,70,94
2831,182,70,82
6889,326,136,140
3069,249,88,111
1869,164,74,69
2160,187,78,73
4977,314,119,145
3474,260,87,123
1822,218,78,81
1086,83,37,33
1527,138,60,50
4574,507,195,214
2525,175,55,82
2054,202,85,86
2611,224,73,101
1210,97,46,38
3837,326,147,128
2681,125,49,53
1905,99,34,46
3112,267,87,125
1706,116,56,46
1632,146,61,59
1529,161,76,54
2024,260,107,99
3316,249,102,107
2631,227,79,85
5597,389,142,174
1966,149,51,68
2122,321,123,130
6047,357,113,161
1437,113,47,45
4285,261,97,117
3082,302,123,128
1561,137,52,51
2168,179,69,84
2568,160,58,72
4220,331,117,160
1509,81,29,41
3083,370,153,162
1679,191,119,59
4497,332,138,143
3523,285,129,126
3266,296,116,122
1137,92,41,32
2594,131,52,61
3493,267,102,111
3539,270,124,108
2982,248,92,105
2283,143,56,61
4623,345,134,144
1358,118,59,44
4389,400,163,166
2643,394,141,174
1166,66,27,27
3927,183,60,84
7876,597,193,263
2521,247,84,109
1722,90,33,40
2357,205,61,103
2363,242,112,77
2070,309,130,117
2314,339,109,133
1759,147,65,61
1784,102,48,42
8342,429,169,188
2156,104,45,45
7269,651,252,278
1650,129,61,53
2086,121,59,47
2134,186,81,76
5186,429,150,176
2924,313,124,136
2473,330,121,137
1386,115,35,47
2706,354,126,157
4259,407,143,174
1548,153,69,63
2859,265,96,114
2385,194,84,78
2312,195,66,82
2339,175,72,73
4486,382,165,162
2174,134,58,50
1404,85,35,37
6035,448,189,179
3527,234,90,99
3711,472,211,165
4553,458,179,191
996,81,37,27
1863,171,79,66
1709,118,37,56
3702,468,186,195
2448,66,24,33
4834,416,180,172
1762,123,57,39
3561,292,97,127
2182,268,91,115
2744,247,104,107
1850,154,68,65
1402,58,23,24
1842,119,43,66
1206,144,65,54
3376,321,116,147
3774,405,149,178
3937,383,141,152
1603,165,76,54
3420,371,137,161
2728,194,89,81
3071,315,117,133
3171,119,50,48
9695,803,288,362
2943,336,124,146
4699,471,166,189
3998,251,103,114
1116,40,14,16
3447,208,65,101
2663,254,98,106
1257,186,79,69
2734,258,89,121
2393,150,59,61
2549,154,58,70
4867,772,330,289
2146,184,78,74
1753,112,37,53
1686,92,52,35
2550,283,114,112
2235,188,71,86
4579,518,191,222
3475,340,145,144
3221,346,130,151
828,87,37,32
2603,202,66,89
3518,369,134,164
3072,325,129,151
1399,180,57,65
1480,116,45,48
2979,125,50,53
1249,119,59,47
3187,210,86,84
2701,233,95,98
2863,197,75,86
4023,189,74,88
4148,320,106,139
4559,496,185,237
4463,393,133,163
3765,370,154,154
3763,270,105,106
2594,202,87,80
2099,198,88,74
2343,403,153,154
3491,390,149,167
4727,443,155,195
3240,233,96,104
1710,89,32,46
3188,304,134,141
3105,251,112,116
7201,763,327,328
1607,98,47,37
1104,83,42,33
4821,626,248,242
2436,298,116,118
2647,222,91,88
2539,272,105,121
2271,173,61,80
3938,383,149,154
2260,167,67,75
4263,430,165,192
2487,179,67,79
1210,93,49,33
4670,227,83,116
2368,100,45,42
5477,446,171,203
2524,142,64,66
2140,115,52,46
1890,121,53,47
2177,195,80,83
6604,283,121,105
5463,166,57,77
2815,253,104,101
4144,342,131,145
4766,358,129,158
2086,201,84,85
4256,277,101,129
7236,693,278,284
7602,420,165,165
2266,109,53,38
1604,157,62,66
4051,395,146,179
3573,289,103,123
3776,406,158,178
6674,802,332,329
2108,223,65,91
5399,490,175,225
2703,211,80,92
3145,349,139,133
3674,296,135,125
3625,288,110,122
3060,257,111,104
3377,290,118,119
6259,508,164,244
1481,77,34,33
2443,137,59,61
1305,71,33,24
3197,301,109,136
3256,357,119,150
3179,225,106,86
817,58,31,20
3026,309,120,116
3313,378,156,161
2425,244,79,98
2052,131,63,51
3443,236,77,120
2355,145,55,68
4869,155,54,72
2030,213,106,82
3407,188,75,82
4484,323,109,152
9696,707,295,248
2923,182,81,69
6548,433,162,192
2094,171,79,74
3798,586,254,221
1820,110,37,56
2582,180,85,78
4093,213,73,105
3434,319,93,150
5039,324,135,139
1548,117,52,54
2556,234,85,89
3205,370,141,151
5513,470,196,199
4085,355,110,159
1634,135,63,52
1467,141,58,55
1997,120,44,52
1464,120,57,48
2669,312,113,129
6770,703,299,296
5176,456,160,195
4244,380,143,169
2140,90,37,41
2257,178,83,72
3539,222,111,93
3758,452,169,189
2100,131,56,54
1668,152,62,64
2057,136,50,66
3248,266,113,118
1870,187,84,75
5159,371,148,167
4931,209,65,103
2211,195,66,94
3578,393,167,150
3496,256,102,110
2783,192,90,71
2535,349,139,147
1161,79,32,38
6037,427,139,189
2388,243,103,104
1141,97,33,37
1451,112,46,41
4056,377,166,153
3526,217,92,95
2088,171,65,71
2803,237,78,111
2197,125,58,50
2568,274,124,111
1114,70,33,27
2721,326,134,147
5525,478,182,212
6362,613,258,260
2608,110,42,53
2624,124,47,55
2412,223,90,90
3949,252,102,97
4493,345,139,166
7988,483,189,196
6435,660,250,281
15330,889,351,369
1922,85,34,35
3064,403,149,174
3506,285,124,109
2906,200,63,92
3903,359,126,165
4354,400,180,170
1479,72,33,27
3941,288,103,149
2424,220,80,100
2260,253,97,106
2452,219,90,89
1980,151,55,63
5168,385,117,165
3064,285,118,115
2339,249,89,99
1903,117,51,49
3144,319,99,144
1295,99,42,43
1961,100,40,44
1722,91,39,42
2142,175,70,76
3796,471,186,187
3184,375,158,150
2840,201,71,97
3264,304,112,133
2926,210,87,94
4068,457,173,191
2999,385,146,166
2805,336,142,125
2414,254,93,97
2121,91,35,39
2842,152,69,66
2614,152,65,60
3386,235,84,104
4535,447,193,200
4693,353,143,164
2182,156,51,71
3934,379,162,152
3129,256,87,110
6330,412,159,166
3075,215,76,101
2086,153,59,59
2246,176,67,74
1015,78,32,32
3294,266,104,119
3982,314,125,135
4062,440,184,184
2104,122,48,53
5907,401,130,180
7456,408,151,167
4114,384,143,158
3352,326,144,149
1090,96,42,40
4102,302,111,132
3272,318,112,136
3952,342,150,142
3271,228,102,101
3896,376,149,165
6248,603,248,245
3520,393,153,168
2677,150,62,63
2100,113,41,50
2134,109,41,50
1618,125,51,49
4061,374,149,161
1897,153,63,56
3652,114,49,46
1658,102,39,38
3886,307,105,146
1347,166,71,62
2900,297,117,130
2375,135,54,58
2247,220,80,87
2141,236,112,88
2143,159,59,62
3322,202,74,93
2695,66,26,31
3908,201,68,80
2546,161,67,63
2395,126,41,62
5658,467,206,186
897,73,31,25
2896,249,88,120
4260,256,122,103
2446,161,60,73
3836,310,115,141
4516,341,133,153
1273,278,139,96
2731,135,49,65
2801,328,122,137
5674,274,109,108
5971,648,273,268
3571,376,159,149
2107,216,85,83
2717,188,75,77
2249,135,56,52
2649,244,96,98
1804,143,53,59
2333,254,124,105
1981,121,53,51
3147,410,165,185
1814,187,68,72
2915,324,123,147
1795,107,39,44
1086,41,8,20
2458,78,29,34
3353,259,100,118
3887,510,213,205
1788,98,38,42
2729,309,126,131
5192,451,161,198
1976,226,98,92
3412,124,45,59
3531,318,93,139
3921,168,80,68
2529,250,100,96
3757,243,99,102
1371,95,31,40
2039,104,48,40
2881,351,139,135
1209,119,48,49
3183,362,145,144
1800,184,72,83
3676,319,117,153
1396,122,51,53
3273,273,91,114
2025,158,60,64
2102,172,70,72
4256,398,150,174
2636,243,83,117
1178,78,38,30
4366,390,150,168
3757,388,173,153
5191,204,91,80
4020,258,110,113
4043,433,169,186
3512,259,112,113
4517,280,101,130
4798,446,177,197
7031,604,216,227
13380,1096,390,518
9769,875,321,380
2150,176,67,72
4427,137,46,60
1965,179,71,73
3784,291,123,125
4928,610,225,255
2640,287,126,116
4735,476,178,200
2135,109,37,48
3871,322,129,124
3678,381,149,157
2566,308,138,109
1405,90,31,45
2470,225,88,95
2886,205,104,74
3773,273,99,122
5567,583,265,246
3319,134,73,53
1042,84,37,33
7719,1006,457,382
4721,358,128,167
4170,348,138,147
3347,285,84,131
2926,262,85,126
6449,607,232,263
4790,449,184,201
3766,443,163,184
2496,235,105,93
5371,646,227,280
3166,233,100,102
4398,391,141,166
3797,340,119,159
2657,236,100,92
1518,196,71,74
6034,415,164,189
4315,440,161,202
2116,165,71,71
1503,113,45,50
4162,508,175,195
3988,203,68,101
2119,96,33,38
3570,391,145,170
3440,286,106,115
2476,245,95,109
2641,225,74,104
3694,350,131,166
4674,375,142,176
2528,321,131,120
2292,160,67,64
2650,197,86,77
4008,355,128,171
1980,153,61,63
3115,255,95,116
2471,325,132,133
2110,214,92,87
1509,201,71,78
3153,465,195,173
1793,283,132,108
3124,352,141,137
2678,137,59,55
1908,79,33,32
4460,415,149,179
2394,204,69,79
1271,118,47,46
5184,515,161,230
4301,413,175,160
2233,214,77,93
2908,229,71,112
2580,363,137,150
2422,278,96,113
2124,173,77,70
3544,505,209,190
4518,479,195,197
3130,401,148,173
1841,123,54,54
3792,245,106,95
1510,121,47,51
3274,433,186,153
1273,64,25,27
3391,365,152,148
3410,238,84,104
2658,203,82,83
2872,258,98,110
4067,397,173,151
2774,260,113,110
4593,333,115,152
4172,207,76,95
4482,456,178,200
2225,157,63,70
1998,240,101,104
5100,576,222,232
3622,247,90,120
1716,151,66,65
3606,361,148,155
1597,185,70,70
3698,305,112,142
2526,184,76,82
2890,448,185,184
1705,85,29,37
5111,385,156,153
3002,254,109,110
3501,309,128,136
7597,364,134,155
2524,368,135,160
2277,144,53,58
5422,477,172,223
2086,103,42,50
2356,144,60,57
4371,284,121,126
2869,174,71,74
1579,129,51,58
3546,291,105,135
6123,570,227,261
4938,389,148,160
2438,135,65,55
1620,116,49,52
3167,288,102,114
2602,153,58,69
4681,436,184,195
1144,133,59,50
3430,341,118,159
1376,172,75,62
2720,197,74,93
4074,317,120,143
2190,152,64,63
3574,436,177,187
2677,192,71,89
1632,177,80,57
2800,351,148,133
1380,101,37,43
2791,254,102,112
1994,160,74,69
2053,172,69,76
288,77,44,21
4513,403,178,167
3547,324,136,140
1539,141,60,53
3293,371,118,173
4135,435,169,187
1502,238,111,84
2927,351,142,147
3633,385,146,155
4641,376,156,161
3537,388,171,150
3893,369,144,158
1334,81,32,36
2050,84,32,39
2421,282,122,105
4983,170,70,66
2735,109,53,46
3021,246,110,97
2553,278,105,115
1129,102,38,44
1874,137,59,54
2884,202,76,81
5780,432,184,194
1706,119,57,47
2873,255,96,109
3818,249,98,107
2974,244,88,110
3250,324,138,142
4628,315,124,139
3198,208,63,110
1800,133,51,60
4105,319,120,141
2618,260,104,117
2040,231,89,102
2376,278,108,102
3239,228,94,90
2817,271,94,113
2908,193,86,81
6612,986,330,412
5109,444,177,193
2343,242,92,103
5047,376,142,176
2873,147,61,68
2662,208,74,96
1314,76,34,30
3199,225,88,94
1219,103,41,45
2961,150,65,64
2394,208,83,95
4363,484,202,193
2438,272,115,108
2898,131,52,65
2512,183,67,76
2387,188,86,79
2083,169,73,67
1553,105,45,44
2988,184,71,85
2739,204,77,89
1542,85,32,36
1326,88,37,33
1507,150,76,57
2608,322,112,131
4370,429,131,182
2606,221,86,89
1658,90,40,30
2168,126,56,54
4123,180,90,65
2587,272,108,122
1835,125,54,56
2510,162,101,47
4565,347,116,149
4955,725,355,263
2362,113,43,36
1915,105,46,42
2852,199,81,92
7107,602,207,267
2524,166,72,71
3678,101,40,39
2777,134,54,53
3589,312,124,119
1662,99,42,44
1364,152,59,65
1698,157,58,64
2840,251,103,103
2452,185,57,81
6026,425,137,182
3402,308,117,130
2376,277,132,94
4009,439,174,193
3979,420,172,181
7073,582,206,280
3163,289,94,145
953,60,29,20
3914,321,118,148
4683,401,138,189
3902,266,110,103
1734,169,81,65
2468,291,103,128
2807,342,120,141
1672,161,74,71
3294,207,66,99
2507,201,71,87
3219,338,165,117
7070,444,156,179
1414,146,77,51
2716,235,82,114
1468,147,57,57
1662,192,92,67
2995,323,125,136
3911,287,124,127
4731,506,204,216
3019,191,81,81
2318,106,45,50
2101,93,35,41
1534,181,71,85
3531,264,108,113
1984,105,58,39
2525,184,84,77
3873,258,109,112
1898,193,70,75
1190,121,50,47
4312,332,168,137
3158,306,110,138
2759,197,72,92
2996,217,89,90
3194,327,145,141
3927,492,190,210
2116,157,59,68
2393,317,121,127
2144,206,92,77
1459,81,31,33
2900,166,63,72
2910,324,121,142
2809,155,60,71
1114,93,47,37
1015,106,51,40
8078,831,296,357
1572,120,50,50
2657,256,103,116
2354,192,58,82
6358,725,268,324
3605,347,159,137
1519,244,97,98
2877,235,105,94
1394,93,39,41
3140,289,97,132
3911,452,191,186
1741,118,55,48
1648,103,44,42
3491,355,141,148
2595,264,97,117
2802,252,90,117
2455,178,75,79
1246,124,55,47
2728,181,58,80
1617,131,58,55
2823,199,84,81
1985,114,41,54
2237,283,132,93
2288,184,80,74
1530,99,39,42
1499,84,40,31
1657,126,51,63
2231,228,83,97
1616,166,67,65
2615,252,106,106
4412,360,117,171
1922,231,85,104
2211,157,52,65
2266,253,103,98
1481,104,38,36
974,71,27,25
2910,362,132,155
10069,822,313,387
4170,271,99,132
2453,314,129,128
1533,190,73,75
1322,130,50,50
1878,201,87,80
3816,378,157,164
5147,669,267,266
2925,406,154,178
1236,105,46,46
4110,371,131,159
4424,601,249,216
2881,258,91,116
5179,535,200,226
2887,205,89,86
3761,243,85,112
2068,179,67,72
4774,383,143,165
3547,378,179,136
7526,441,162,163
2208,125,53,56
2668,275,112,110
5034,510,220,222
3106,215,86,99
2367,167,54,81
4839,197,88,91
3057,241,94,106
1514,92,36,41
2485,284,125,122
2056,110,35,47
3036,227,100,86
2355,75,34,32
2728,218,74,102
1645,55,17,19
3532,192,55,95
2966,249,94,117
1775,62,18,29
4312,512,250,189
3299,219,82,95
3147,203,72,88
1086,96,44,37
2288,217,77,92
3953,297,116,128
1201,80,26,38
2957,234,83,101
2622,232,90,100
3547,211,78,95
2734,391,177,147
1883,121,50,53
5906,632,257,283
3015,263,107,107
4646,401,145,174
1942,90,38,38
2023,203,73,81
1544,116,50,44
3312,380,151,167
3337,270,121,120
1786,177,71,60
2566,165,60,69
1011,46,22,19
3726,333,136,153
5615,655,283,264
5326,515,196,224
1745,188,72,74
4469,490,166,216
3273,382,150,154
3255,174,69,71
3286,205,84,82
2468,267,101,111
1650,94,40,42
2819,255,116,103
2036,153,47,62
4541,581,246,226
2409,177,75,76
2158,88,40,36
1461,135,68,56
2072,172,65,70
3711,343,128,153
1782,111,43,48
1582,150,68,59
1601,122,62,46
3386,193,77,88
3514,210,74,95
6024,498,228,175
4948,462,177,200
3210,316,108,145
3151,206,78,91
1986,200,69,80
890,113,50,40
5619,460,180,220
1697,122,51,49
1489,106,42,43
2236,160,74,64
1340,121,37,45
2803,195,68,87
1274,168,73,65
2143,134,46,58
1839,173,77,68
9742,795,304,329
2645,116,49,46
2919,182,73,77
3448,324,119,152
3442,290,106,127
1650,152,57,59
1913,83,33,40
3278,469,192,194
1545,145,58,58
3384,324,114,126
3819,324,122,127
1750,157,66,60
2750,301,128,122
1519,123,56,48
4554,318,105,159
1585,107,45,49
6331,646,216,312
5096,544,181,212
6551,407,136,192
3215,259,101,111
2237,149,62,61
3881,424,164,181
3860,236,95,110
1960,120,46,44
2244,263,117,112
3383,301,122,120
2070,144,62,66
2460,259,98,113
3389,429,183,175
1631,177,74,65
2383,176,81,56
3440,194,87,75
2836,132,52,62
2122,123,41,53
2642,269,104,107
2643,299,102,126
17632,2082,916,765
5851,597,230,260
2198,99,37,42
1941,208,66,89
687,81,41,22
2839,280,96,123
2714,162,70,65
2334,251,99,96
2821,340,130,136
1928,240,100,88
1974,51,26,22
1087,67,26,30
2631,183,63,83
4543,295,130,126
1908,152,53,64
510,62,29,21
4358,493,199,206
2931,333,155,121
3110,100,39,40
2645,333,164,114
7765,289,96,132
1102,81,33,34
3506,123,58,47
4031,404,143,178
1872,141,63,56
3946,449,218,156
2755,405,154,165
1130,79,31,27
4946,348,144,156
2092,210,79,85
3658,304,125,124
2424,393,173,154
1988,127,70,48
1873,117,61,42
1732,122,58,51
2686,313,117,133
1406,118,46,59
4057,286,120,135
5029,620,235,270
1917,207,78,88
5327,359,129,182
2959,163,69,56
2236,183,82,73
3005,312,115,135
1977,156,62,68
5544,479,184,200
3385,139,64,60
1916,187,76,66
2123,131,46,56
6393,711,285,298
4937,768,309,321
1768,221,95,80
1689,114,44,41
2738,325,130,126
5155,431,155,183
3846,360,136,153
2700,223,90,101
1103,94,36,37
1542,206,83,82
3903,466,173,197
3565,471,195,194
5772,657,255,289
2477,315,125,124
5025,352,178,136
3668,424,147,177
6392,630,240,262
1610,129,53,47
6183,205,83,84
3356,372,166,133
2840,166,70,79
1355,91,43,38
2001,242,98,102
1724,105,44,41
2280,140,57,53
2251,209,67,91
2737,252,91,108
2882,198,65,90
1450,59,26,26
1718,107,39,52
5458,424,179,184
4993,456,163,204
825,98,41,29
2327,189,76,73
1606,233,105,95
2885,249,78,115
3042,304,126,145
1230,51,20,22
2697,123,43,49
1580,112,41,40
2824,349,126,150
1611,122,51,50
5868,350,128,161
2417,137,50,55
2773,344,152,138
4253,449,163,186
4562,461,195,187
2726,285,116,109
4770,439,173,192
1790,142,62,50
2619,264,108,111
6916,465,177,193
1600,118,51,47
3801,459,179,206
3903,311,130,133
4755,519,208,223
2803,168,80,59
5195,390,156,147
2011,228,105,78
1915,138,66,53
1696,149,64,61
1929,126,48,62
2167,125,53,49
3722,380,157,170
1860,138,42,67
2374,225,92,92
2509,240,97,89
2925,221,91,92
4664,455,172,200
1435,161,85,53
1628,135,53,51
1878,156,62,57
3764,341,124,133
7716,472,171,213
2857,277,114,121
1854,93,32,47
3950,327,132,135
2065,99,45,41
1022,94,36,41
1314,106,43,46
5402,600,224,247
5398,298,118,125
2828,151,61,62
1903,194,92,74
3634,403,158,176
2068,224,104,80
4583,387,134,181
1149,75,28,34
2997,309,126,121
3019,248,108,94
3653,220,87,102
3168,335,157,112
2748,205,94,81
2922,202,88,87
2046,126,50,54
3573,155,62,63
2897,275,92,126
1270,46,13,22
3865,374,152,158
2527,159,62,68
3498,358,129,142
3235,402,148,174
6650,577,276,254
8868,411,150,197
2402,357,159,136
2794,226,109,88
2467,306,132,127
6383,581,234,253
3251,236,80,109
2570,261,97,116
5684,484,184,190
1615,169,75,65
1422,83,25,38
2958,224,82,103
1705,137,54,59
1424,172,73,62
4399,345,138,150
2364,122,51,56
3738,383,139,156
2876,185,83,79
2564,139,52,69
2505,194,86,77
2722,149,60,65
3326,326,133,122
2605,412,159,156
6989,366,136,173
4087,374,127,164
3027,371,149,152
1606,182,68,72
1011,64,29,27
906,77,28,31
1835,160,67,56
1779,121,48,55
3207,265,112,109
2456,275,110,111
3330,380,136,169
1944,155,54,69
3924,352,126,165
1481,113,48,38
1285,40,23,14
1233,126,70,43
1843,197,67,84
2586,220,82,98
2350,168,72,72
1279,98,35,43
3527,198,79,92
4132,327,129,137
3039,253,113,101
1238,67,29,25
2921,305,121,123
1808,227,104,82
2979,141,57,65
1906,148,70,58
1474,160,61,68
3200,268,113,114
3920,381,150,143
4251,337,134,141
3875,273,92,125
3927,283,103,122
3236,308,130,107
1645,186,70,82
1684,77,34,31
2361,178,66,72
2967,298,131,110
4093,289,111,140
1517,167,64,65
1768,108,42,50
2202,151,54,64
2332,121,40,57
1432,66,31,24
1519,94,43,42
3286,276,104,106
1723,203,84,81
1156,86,40,37
2867,214,66,99
4643,466,196,199
2339,99,30,51
3241,303,132,118
2407,212,98,92
3712,326,135,142
8480,533,164,233
1928,140,61,55
2672,195,73,87
3218,295,117,110
2955,324,131,146
4985,538,222,224
2650,233,84,99
3843,361,157,140
4799,346,122,160
2708,178,79,79
1441,145,61,56
1816,164,69,59
3151,267,87,132
1100,96,45,34
2700,123,31,66
1993,113,46,53
4295,426,170,174
12100,1380,598,493
1430,91,40,36
5204,544,243,192
2261,153,57,60
1620,173,70,67
4531,330,110,166
1933,167,89,60
4355,397,160,172
3109,345,128,138
4534,262,107,113
3661,300,99,130
1515,118,54,49
4872,360,134,167
2099,72,26,34
1398,77,42,29
1854,209,77,86
3370,313,117,132
3947,314,119,136
3407,237,128,86
3154,245,98,103
1456,86,42,34
3908,298,122,129
3460,332,131,142
1942,182,71,77
3000,205,67,99
6819,538,196,247
1401,96,44,39
2727,126,57,50
2734,132,45,64
3132,362,129,160
2387,155,61,70
2789,205,72,98
3607,331,142,141
2860,132,56,55
1784,154,65,60
1040,186,89,66
3231,203,81,86
2220,123,59,50
4136,485,179,222
4909,521,208,220
1633,101,41,45
4434,497,176,205
2766,205,68,100
2021,192,84,79
3434,330,138,135
3812,381,135,167
2314,145,56,62
1703,182,69,76
3068,249,97,116
2635,186,74,83
2732,255,82,114
4116,317,121,139
2853,271,107,115
2882,255,115,103
2849,122,37,57
3712,430,194,164
3618,378,149,152
4127,496,192,200
2871,175,63,84
1960,195,83,79
1073,82,37,32
1553,89,40,38
4831,475,182,208
1470,89,36,36
4939,532,221,222
3226,393,156,167
3770,406,130,172
1879,152,62,54
3144,266,104,111
6636,691,287,290
2075,141,73,58
3360,272,91,123
2069,114,59,45
3784,221,85,103
3704,284,128,132
2579,161,62,81
3435,272,101,107
2015,140,55,59
2739,302,115,99
2330,140,54,66
1418,120,41,49
839,71,30,29
3050,203,74,92
1806,207,49,90
2500,138,50,64
6198,511,176,218
4411,386,128,189
2919,338,145,139
1113,71,33,25
1721,125,52,55
1577,115,56,41
1742,110,41,45
5661,618,255,264
7811,710,280,302
3121,415,153,164
2893,243,111,95
2418,164,69,67
5557,759,316,320
3261,251,94,103
3741,229,93,96
2253,127,44,52
1097,81,36,27
3057,266,99,120
4848,531,219,231
3229,247,105,115
2954,293,118,126
2550,206,73,81
1994,157,69,65
2321,159,74,60
1767,109,46,50
1091,83,42,31
2926,301,106,126
2004,118,47,56
1706,115,49,47
2365,195,81,79
2053,226,98,77
3807,242,102,116
4112,324,118,151
3937,334,131,152
2051,202,83,78
1780,140,58,52
3880,388,137,165
4718,487,174,204
2739,332,146,119
3666,224,94,96
2096,251,115,92
2514,250,107,101
3056,346,145,149
8432,555,203,223
1952,148,59,63
3325,338,147,145
1614,166,77,66
1693,146,58,62
2386,190,80,84
4059,299,102,141
1017,85,39,31
2316,195,77,87
2770,305,116,127
3245,317,99,146
3828,273,99,121
1652,154,59,66
4759,444,174,179
2903,309,105,131
2084,166,73,60
3242,297,96,140
1118,86,38,32
6189,630,252,288
1002,86,43,35
1689,135,59,53
3154,365,138,152
4143,285,87,144
3349,351,137,127
3422,192,71,91
3494,206,95,88
1513,190,71,81
4469,337,131,137
3312,314,132,133
4206,332,133,147
3112,455,169,187
1974,66,41,23
1355,109,42,42
1650,136,56,55
3593,292,110,136
1135,88,44,35
4256,457,177,194
2836,335,136,152
2328,172,68,69
3251,270,99,126
2018,96,33,47
5390,198,78,66
1717,118,52,47
3172,253,72,111
1864,163,63,70
5148,775,337,304
4684,294,106,127
3347,587,262,224
3114,355,114,154
2710,229,101,98
4493,371,158,169
4737,529,188,231
1951,134,50,58
1862,160,65,70
3692,283,108,124
1896,294,118,111
989,71,33,30
1044,119,56,43
2429,189,86,76
3478,190,67,89
2380,111,42,49
2662,263,90,117
4042,386,154,161
3448,221,112,84
4987,246,98,98
2240,159,51,76
6028,466,180,208
3162,311,136,129
2630,191,77,87
2572,233,83,108
3364,193,76,92
1899,187,90,72
2769,261,97,102
2599,205,64,95
2564,190,66,89
2486,83,36,36
3336,198,85,82
1700,213,86,77
3047,325,134,131
5849,541,226,240
4884,247,99,105
3172,288,106,122
5125,450,176,198
1584,102,41,40
3638,354,139,152
3539,179,82,77
2781,221,97,95
4866,407,140,189
1620,126,56,52
2846,369,147,153
1051,77,32,32
1288,82,33,36
1772,106,50,44
5190,503,170,238
4632,595,279,227
4559,498,184,214
1943,124,38,63
1226,53,24,22
1544,95,39,40
1783,128,57,51
3121,230,92,101
4371,260,98,118
3961,244,96,102
4104,353,161,148
4526,305,113,142
2191,126,58,49
6040,435,174,192
1637,140,63,61
2619,213,92,80
2327,237,100,93
2414,154,74,63
2904,180,62,86
2254,129,50,52
1789,129,63,59
1581,152,68,57
5231,465,166,213
1609,194,66,83
5213,673,286,274
2890,291,126,124
1928,117,46,50
2435,261,101,122
4286,361,124,165
2752,204,69,90
7088,633,241,288
2857,290,120,118
2527,252,96,110
2156,152,59,68
2655,209,86,82
875,104,47,39
7122,430,191,155
2089,162,70,63
2735,175,68,82
2237,210,79,87
1992,122,45,50
4115,454,205,187
2176,187,80,74
1932,284,118,115
12846,1335,564,545
5398,180,81,77
2812,185,85,80
2931,186,68,84
2519,217,101,77
1235,68,27,31
3422,314,128,134
2400,87,30,37
3626,242,103,107
2694,433,187,176
1855,321,135,120
2186,65,23,26
1919,220,89,87
2830,201,75,88
3271,249,95,114
1727,100,39,43
3713,229,88,94
2875,362,144,144
1364,117,45,51
1789,163,80,59
3676,451,178,181
768,77,39,30
1556,116,50,46
3398,298,107,145
3143,193,67,87
1328,132,57,52
3512,351,131,151
2654,146,53,67
1796,100,54,37
5634,476,182,215
2685,221,86,92
2901,123,41,59
2281,244,98,109
1464,133,59,55
5726,538,175,252
4161,423,161,173
4108,422,145,170
1954,113,40,51
1891,142,57,64
4923,308,111,135
3368,184,63,82
2150,156,71,70
1409,117,44,52
5196,538,244,215
6225,691,258,294
1695,86,34,35
5587,382,150,152
3799,371,131,158
4268,250,128,94
1944,181,77,71
3205,331,126,148
2170,138,51,67
2873,148,50,70
7588,1034,439,404
1558,131,59,50
4115,419,166,182
4430,340,186,118
2055,199,81,76
2387,193,58,85
2912,154,57,71
2234,148,56,70
2196,174,68,71
2457,199,80,90
4152,306,116,140
2478,228,65,106
2531,208,89,85
3646,211,81,93
2934,251,96,106
1458,94,40,41
2505,238,109,87
1527,131,52,59
4846,287,88,131
2294,141,68,63
1885,174,72,76
2303,200,92,84
2731,177,77,68
4507,306,102,150
6173,971,404,378
4898,556,229,251
1886,144,64,61
3654,299,106,122
3473,212,83,89
1193,74,27,32
2421,121,46,50
5461,338,123,154
7904,568,214,269
1823,214,100,81
4539,362,121,169
3341,400,159,153
3220,257,80,122
3578,201,88,80
1881,88,32,40
1999,187,91,69
3781,357,137,147
2389,194,71,81
4512,434,159,209
2657,129,47,62
4454,509,202,229
1661,138,55,60
4729,581,218,245
2666,309,131,134
2329,192,65,94
7911,730,296,314
3238,256,105,113
2265,153,61,58
4251,290,100,129
1745,163,64,72
3354,208,66,100
3235,336,114,147
3866,331,135,134
1521,185,74,79
2510,263,91,110
2600,268,104,107
2390,146,62,65
4154,261,101,119
3004,321,111,144
3224,281,114,122
1347,199,86,73
1735,128,48,56
1950,213,98,86
4019,253,95,112
1666,128,47,49
2190,236,90,107
1956,170,72,71
3134,442,163,184
2989,249,82,107
3111,90,31,33
1655,127,40,59
1200,77,28,30
2091,177,80,64
1481,105,45,47
5090,517,186,233
1067,180,97,72
2260,158,65,61
2027,258,122,103
8328,403,155,172
1346,110,51,43
2360,227,80,95
1344,119,56,45
1927,149,60,57
3090,309,106,136
1689,170,69,70
1939,146,59,58
4828,361,144,151
3605,222,88,93
2269,194,72,85
2994,425,187,173
2292,134,50,60
923,99,32,40
3125,242,93,99
2897,252,98,112
1358,109,48,42
3090,306,108,135
1855,131,52,54
1112,87,45,29
1821,162,64,67
1327,122,48,51
1301,53,21,24
2836,254,103,103
1508,105,45,40
2586,227,92,95
2313,235,95,90
2403,148,59,61
1311,111,47,45
4307,287,107,133
2544,163,69,73
1958,161,56,70
2992,250,108,101
2139,352,154,129
2652,242,90,99
3270,370,157,150
3678,507,213,203
1737,139,64,50
1966,127,62,49
2146,152,66,66
2687,313,112,146
2185,140,53,65
2580,181,65,78
4766,169,51,69
1860,157,74,64
2810,159,63,73
1351,131,60,53
2463,258,89,116
4238,349,118,163
2778,90,43,35
3488,531,209,229
1278,67,20,31
2579,234,90,107
843,48,23,17
5439,369,145,152
3270,147,64,63
2823,301,114,122
3978,388,150,164
3098,302,120,128
6699,290,119,115
6083,384,177,142
1677,196,76,79
3308,247,95,107
5052,275,134,98
2672,356,146,139
1570,115,47,48
2903,266,111,109
6874,720,227,345
2623,157,63,72
4109,334,146,144
2866,318,126,129
3244,329,121,129
2840,144,62,59
4027,319,133,148
2635,203,79,82
3887,260,99,113
5789,478,189,203
2411,231,91,97
3015,190,81,82
1430,133,63,50
2408,98,33,52
5258,451,166,205
5918,561,224,239
955,61,32,22
1431,92,41,37
1618,138,70,51
2109,153,57,60
2684,199,77,73
1635,138,60,55
1592,117,47,47
2985,305,127,134
1714,194,75,79
1837,102,42,37
2456,255,106,112
2900,162,53,80
3473,247,101,100
1589,212,95,72
2698,139,58,56
3432,296,117,132
3117,185,72,78
2188,87,35,39
5584,296,115,145
5675,609,247,254
2473,202,78,95
3809,269,103,117
1979,122,54,49
3631,282,104,127
867,65,27,25
2687,222,82,91
2303,123,48,51
2747,238,90,97
2139,156,71,67
4664,507,220,207
1261,141,61,62
1562,89,50,32
564,68,40,21
3229,300,114,140
2649,343,136,141
1383,82,29,38
1853,243,103,93
3545,403,142,176
2388,205,77,88
5833,510,198,232
2119,217,80,86
1840,124,55,50
1394,120,55,47
1471,183,74,71
3772,369,141,155
3045,188,88,78
815,66,31,23
1546,129,61,49
1570,147,59,59
5417,364,131,148
2672,231,74,107
2106,176,81,75
1516,108,45,43
2548,101,44,39
8083,686,294,292
3326,323,128,146
2493,154,51,71
2950,337,143,138
836,102,45,34
3126,323,130,133
2993,190,64,93
4049,371,118,177
2416,357,126,131
1646,157,63,66
2153,121,47,50
2536,260,96,120
3165,198,84,81
5344,500,209,206
2984,216,75,104
3599,359,153,153
4020,282,114,127
2271,116,55,47
4864,437,189,185
3490,249,111,107
2233,205,65,96
2525,291,126,110
1845,137,64,57
1575,140,56,59
6219,678,271,305
1185,68,25,27
898,85,34,34
1519,77,30,36
1451,95,41,43
2061,303,117,131
3740,258,104,117
2435,311,136,127
2124,123,42,62
3862,345,124,155
1701,157,70,57
1985,126,46,68
2128,138,46,70
2362,277,100,95
1965,65,27,29
1814,140,49,64
1975,282,117,111
3188,297,99,130
4718,439,179,182
2908,105,45,39
2558,293,106,132
2755,354,140,134
2456,197,76,87
2573,267,102,113
4305,283,106,137
1491,97,38,43
2166,261,113,94
7635,426,185,167
2998,463,187,176
3261,242,86,114
2279,166,59,84
2358,224,104,84
2280,233,101,97
1951,187,81,71
3218,286,99,117
3180,284,105,135
4403,399,161,174
2955,171,55,75
4171,457,193,185
3208,311,130,143
4812,391,147,160
3900,315,124,140
3162,283,106,131
3470,200,79,91
1267,131,51,46
2955,277,104,130
4024,335,129,145
2055,257,108,99
4503,284,97,128
1343,121,48,48
2714,193,76,91
1346,91,32,36
4557,445,164,196
2884,199,82,93
4587,373,156,151
3000,256,92,120
993,95,36,24
1592,102,39,40
1532,228,101,78
2073,114,57,48
3237,399,148,166
2467,233,73,109
4005,333,117,147
8654,1094,511,445
3303,299,117,115
3809,302,127,131
1840,139,48,49
3814,358,148,153
2380,198,73,80
7422,536,180,258
3162,222,91,95
3047,302,128,118
3585,286,113,110
2625,171,63,79
2234,106,49,49
1969,151,67,62
1400,84,37,36
1104,87,33,37
3043,251,84,108
2172,149,62,62
2040,136,52,58
3756,333,136,147
2532,287,122,108
2229,120,49,47
3720,371,162,140
4392,418,171,177
2382,134,44,64
4559,375,126,164
2177,258,94,116
3701,260,85,126
1472,79,36,32
1588,142,59,51
3613,317,131,141
1594,132,53,58
2165,154,64,65
4430,426,179,182
3877,273,113,122
4344,465,192,168
3894,415,172,177
3303,142,68,62
1681,144,58,58
5003,489,199,197
1520,118,49,50
4302,394,163,168
3722,371,147,158
2467,260,97,106
3084,278,93,126
3195,256,114,102
2320,294,127,132
2169,229,74,94
2060,142,61,57
4471,311,110,149
3613,393,167,150
4760,380,134,162
3392,325,124,125
3804,509,204,200
5424,384,163,167
3297,265,100,116
2047,178,70,76
3067,337,126,132
1563,129,53,56
5457,286,84,139
2251,376,158,134
4256,513,209,199
3613,283,98,133
3233,251,78,119
3117,353,137,140
1412,92,40,35
2051,186,86,72
1932,150,55,61
1956,195,72,89
3445,203,83,91
3131,277,127,120
1992,195,77,77
1177,102,35,40
5758,380,131,178
1713,162,55,66
2486,206,92,84
2513,138,48,59
3130,283,105,125
2868,254,108,115
3097,227,67,102
1311,152,86,52
5568,494,217,220
8242,682,307,287
9516,661,267,246
2454,110,58,35
1772,169,59,75
2180,98,32,42
2695,270,123,103
2562,368,134,149
2545,237,106,97
1859,151,58,63
1536,98,31,43
1605,250,111,93
5902,224,96,97
4189,494,180,218
4110,382,149,182
3710,185,75,80
1902,147,62,64
1580,50,22,23
1354,87,35,35
2184,333,135,123
4588,467,186,205
1969,144,57,51
2701,353,130,140
1554,125,52,45
6548,521,210,223
1923,153,61,69
2776,212,83,98
3227,150,58,68
4788,256,96,109
3525,343,139,137
1754,128,67,51
2787,185,77,81
2765,79,26,37
1837,119,57,49
2821,86,53,30
2198,105,43,44
3579,289,88,139
6432,485,172,214
1947,122,51,53
1458,291,123,104
1716,159,59,65
1581,116,46,51
2787,157,62,62
5057,384,154,183
2927,303,143,109
1848,106,37,46
2526,269,115,118
1301,85,39,36
3069,361,134,153
2057,131,52,60
3059,168,61,75
2659,241,102,100
8579,657,212,320
4370,479,187,208
1603,89,38,42
3102,224,91,102
1129,151,66,60
2548,138,52,67
6897,687,285,292
4540,419,149,183
3503,259,107,114
2844,211,82,100
1013,55,18,21
2751,190,68,88
5206,389,164,155
1359,129,62,46
1035,81,36,32
4270,369,169,163
2350,141,65,64
1574,93,39,44
2184,134,57,60
3808,354,141,154
1284,91,40,39
3848,473,179,194
2697,202,66,97
3218,330,123,143
1683,172,72,71
3999,427,158,171
2152,291,136,110
1546,131,53,56
4334,339,126,153
1774,176,81,69
2359,337,144,127
3019,243,115,95
1462,106,44,50
3263,324,125,134
6371,644,211,301
1266,145,59,55
2407,252,98,113
2895,307,118,125
2776,210,80,99
2793,216,91,86
1664,225,104,83
3246,271,103,113
5395,412,186,177
3435,183,76,84
5713,779,311,318
4069,465,188,206
4588,520,202,218
3741,319,110,149
5824,520,207,232
3997,394,142,175
1316,258,129,83
3616,305,127,128
1614,121,55,45
3098,266,94,116
1383,112,49,47
3458,287,122,120
2070,238,103,92
1917,184,92,71
1671,190,66,67
4174,386,144,179
4330,546,240,209
2137,205,90,80
3178,244,99,102
2981,212,76,96
1797,130,67,30
1810,95,32,43
2024,134,65,52
2268,195,78,85
1454,112,46,44
3463,318,125,127
1826,126,51,51
2816,222,96,96
3689,199,78,89
3838,295,102,138
3798,279,115,117
2268,233,89,95
3792,299,115,130
6524,633,274,272
4055,356,123,159
1254,254,90,79
4222,326,120,144
1732,109,41,39
1162,58,22,25
2646,156,55,60
2310,114,44,50
1247,85,38,33
3122,269,95,122
2538,251,104,108
3996,179,61,75
2397,112,46,50
7064,341,138,132
2207,127,50,55
2835,246,86,107
3465,264,102,112
2339,149,63,63
4144,358,114,172
2611,229,83,97
2558,123,47,61
1442,75,38,33
6593,640,261,267
2815,314,140,118
1750,172,58,68
2040,108,46,45
1284,88,25,41
1929,134,42,66
2215,192,69,80
2645,267,107,108
1208,101,37,41
3346,193,60,97
3630,411,177,160
6835,394,139,180
2364,177,75,73
4561,293,111,136
2871,338,144,140
4575,298,119,140
1782,159,69,74
3066,321,146,117
3240,216,83,79
3011,322,131,142
4135,323,126,139
4909,471,216,183
6676,647,227,291
6425,826,323,342
2493,192,66,75
4238,375,145,156
6682,1107,505,408
5940,429,162,177
2156,290,115,123
2247,178,71,77
3569,330,144,127
5805,633,247,270
2313,202,93,83
2458,290,124,107
1694,130,52,57
1927,156,62,65
3369,149,60,61
2145,193,89,82
1846,205,75,79
5176,502,197,213
4240,336,116,151
2065,215,81,82
1197,178,84,62
2434,278,121,110
2578,224,104,94
2415,139,68,47
5428,532,221,229
1860,233,86,94
2642,153,55,66
2460,171,51,84
3595,298,116,138
1971,152,72,60
3160,435,182,181
1176,97,44,38
3061,303,128,128
2603,302,116,116
2482,196,76,87
4550,389,151,154
4158,376,161,144
816,83,38,30
5219,519,233,210
4022,276,102,118
3674,325,123,136
2716,295,128,120
2024,208,80,83
4065,295,99,137
3187,258,91,119
1887,165,59,68
2710,285,101,126
2873,261,102,111
2608,217,97,83
2724,237,91,97
4212,238,91,114
2691,174,55,81
5265,696,299,291
2339,179,81,75
5162,507,205,223
1747,120,55,45
1557,110,47,43
2581,115,42,60
1623,150,60,57
1174,60,22,29
2798,380,158,142
1800,288,117,99
3811,474,166,209
2440,214,82,99
2668,94,37,42
5037,387,158,162
3124,359,122,157
3622,529,213,218
2062,241,96,104
2679,360,145,154
5386,540,243,225
2446,162,68,72
1074,91,38,36
2774,251,100,111
1362,69,32,28
2977,140,63,61
1319,105,46,46
4511,332,125,149
1757,206,86,74
6105,378,142,166
2524,298,108,122
2764,210,88,88
1522,136,65,54
1486,141,70,52
3159,246,87,111
3593,372,160,170
1769,144,59,63
2011,129,59,53
3629,357,150,135
2507,184,56,83
1874,166,72,68
1554,225,93,94
3618,363,127,162
2810,395,152,167
2943,257,95,103
3215,241,91,100
3093,243,85,106
3186,158,60,73
3271,309,120,125
2192,131,51,58
3343,387,137,161
4129,372,120,159
2502,161,55,73
1024,119,58,41
3979,432,174,180
4183,300,110,116
2222,188,75,90
5074,498,172,230
3339,140,61,58
2152,159,63,59
2421,182,73,74
4128,151,59,73
2151,172,66,68
4792,326,121,130
7351,632,235,284
6257,719,282,311
1310,84,34,34
2261,128,54,47
3812,356,151,151
3901,342,116,141
4087,356,143,156
2888,242,88,114
4015,275,111,112
2183,133,52,56
2047,114,38,50
1887,151,56,71
4891,636,255,271
2247,247,98,100
2664,287,134,108
2833,275,102,115
2060,213,94,77
2590,252,91,115
6629,727,316,299
1726,206,73,95
5481,632,239,273
2939,151,48,65
2275,163,64,71
4642,242,100,104
3148,108,43,41
4556,404,137,186
2719,211,83,85
2150,156,66,66
2598,146,46,69
6094,357,132,141
1532,103,46,39
6504,949,383,392
2257,152,57,65
4214,414,150,183
3061,318,123,140
2516,124,47,52
2144,157,56,71
1775,108,40,39
4098,381,135,173
2267,195,66,83
10090,621,254,228
3185,182,71,81
3451,442,180,178
3389,310,113,139
3600,325,115,148
4129,437,150,195
1858,287,117,99
1902,155,63,61
1780,137,54,59
1605,142,60,55
1817,164,74,69
3999,281,98,119
3482,324,133,139
2277,333,130,123
1784,131,60,43
2998,284,98,125
1209,112,52,39
2118,254,87,110
2954,190,72,87
4730,356,147,173
1758,129,42,58
2588,424,202,153
2993,154,60,66
1773,105,40,45
4004,375,128,181
1394,118,57,35
1944,202,79,76
1648,115,59,45
2416,191,77,75
4170,354,126,160
2794,348,146,143
819,89,45,32
1029,62,26,25
2512,283,110,116
2397,197,82,85
1584,146,64,53
1869,98,42,37
4692,372,127,166
4152,464,190,201
2399,111,33,50
2392,257,110,109
3616,158,56,78
1951,213,83,81
1522,102,36,41
1000,73,38,24
2567,221,105,95
4046,445,177,187
2359,124,55,49
3767,286,129,115
1588,140,60,62
2609,271,123,92
1553,142,46,63
3594,309,120,131
1737,186,75,77
1171,93,44,31
1906,188,71,78
3770,276,106,130
1949,141,62,63
4297,219,90,96
5412,412,154,172
1909,178,67,67
1715,126,52,44
2017,126,56,51
5766,467,198,200
3783,434,164,199
3721,192,66,93
3000,361,127,157
5887,603,237,254
1910,215,108,74
1952,123,59,53
3358,269,112,113
1116,81,39,32
1816,187,72,78
5249,587,276,245
3689,296,108,135
3096,380,146,166
1841,110,42,52
3399,224,90,110
1180,129,51,54
2346,127,57,53
2932,279,100,117
2021,128,50,58
1873,110,48,47
1844,152,55,65
1704,99,42,38
2919,188,68,91
2345,200,69,82
4736,515,230,199
2473,135,53,64
4672,542,184,250
2624,267,128,109
3439,273,117,115
2532,179,67,75
3752,303,112,128
2938,243,88,107
1147,136,50,50
3077,169,77,72
2626,178,73,78
7178,703,281,280
1966,116,44,49
1557,148,66,52
2947,225,79,104
3875,386,129,178
1735,144,57,61
2371,212,95,87
1534,89,40,37
2452,230,105,84
5093,390,144,177
2100,146,57,62
4698,536,193,241
2636,139,49,65
2511,356,147,135
5540,440,170,196
1928,140,61,54
1875,192,107,59
1692,91,40,40
3478,333,131,146
2451,194,85,81
1698,191,91,72
3873,358,147,152
1320,128,61,51
6346,433,185,191
2270,176,61,81
4969,701,332,244
1777,108,45,44
2097,187,75,82
2402,172,58,80
1523,92,34,41
3110,254,97,110
1923,209,78,93
3678,397,144,167
5328,419,168,180
4773,341,147,157
1870,110,47,43
2405,179,72,69
1089,86,42,34
3166,278,114,124
2500,124,56,52
2911,316,139,133
4031,357,157,148
10889,999,411,433
6550,585,213,263
6403,603,221,250
2651,213,93,95
3548,302,134,112
3205,287,106,115
1516,108,45,42
1882,170,64,65
3458,251,78,117
3576,370,148,165
4736,352,136,141
1493,137,46,60
3600,378,164,150
2559,163,62,72
5375,343,123,151
1439,171,82,56
3293,341,146,141
2247,180,87,67
2836,368,135,130
3331,308,113,148
3567,333,149,146
2734,157,54,68
4187,400,182,168
4373,301,109,143
1537,80,29,36
3410,386,159,160
5869,564,237,223
3387,150,73,65
2360,222,81,97
4594,407,174,174
2108,124,41,55
3098,224,88,108
3931,416,185,165
5390,472,166,204
3496,157,59,68
1230,64,22,29
1602,51,22,22
5271,556,243,228
9115,978,365,388
3832,338,123,148
2660,299,108,124
619,74,37,28
7592,803,339,360
3177,288,101,130
6355,560,241,232
2472,229,91,96
1797,132,50,61
1567,64,22,32
2518,188,58,67
2821,313,107,146
1552,135,58,54
2732,218,89,96
1703,164,60,67
2889,203,78,89
1060,74,37,29
3483,195,72,88
8787,1288,497,555
2473,158,51,63
7349,593,220,287
3461,181,75,86
2750,254,96,113
5082,395,135,194
2961,207,50,105
4439,340,143,141
1147,94,45,37
5924,563,240,231
2274,148,74,62
2566,354,142,144
4389,330,139,138
4615,340,133,146
1803,80,31,30
2552,226,110,86
5052,242,115,88
4600,380,145,166
1869,193,84,76
4170,353,130,146
1643,205,76,90
2149,135,53,58
2199,189,64,79
2431,242,80,116
4676,499,220,196
1325,117,43,51
5190,614,257,276
2133,243,88,104
2102,101,38,46
2711,388,179,153
1787,159,64,66
2452,143,56,62
3225,272,102,127
1994,323,105,120
3985,376,152,163
2449,261,110,109
2057,124,57,55
2087,72,25,35
1393,104,41,42
7220,888,411,324
2712,243,97,105
2357,182,52,75
3818,362,157,150
3339,348,143,145
3217,581,239,204
2592,306,126,126
2107,158,63,69
2850,146,71,57
2812,173,58,85
1989,192,75,84
2229,249,88,102
2558,140,52,62
2179,250,108,99
2315,130,49,57
2065,142,64,54
3667,330,120,143
2262,270,109,110
3469,298,119,135
5215,497,200,188
2258,226,87,99
3752,452,193,183
2620,360,128,153
4871,213,77,93
2677,250,101,109
2056,168,55,74
3009,412,161,175
6341,753,300,287
1631,139,59,55
3092,280,123,102
5676,674,281,282
1825,225,94,84
1900,247,98,107
1247,123,49,51
2902,230,94,99
2117,175,82,71
3362,213,87,98
2162,131,60,49
2858,194,80,82
3553,263,118,110
2813,84,38,35
4561,356,141,151
4350,383,135,169
1202,150,71,59
2435,311,136,127
904,76,39,30
2018,166,71,72
3175,284,127,112
2547,194,64,73
3194,334,140,143
3964,168,73,75
1928,113,34,52
3973,436,171,186
2765,265,87,118
2849,294,111,120
1147,57,23,26
2534,358,148,140
6297,639,234,276
3284,270,106,120
1721,148,75,56
2155,179,77,62
2878,281,101,121
2890,314,133,122
1438,95,49,36
2945,180,63,84
2554,185,60,92
1160,70,33,29
1239,81,35,37
4466,282,105,137
1929,186,85,69
4276,369,155,151
3015,296,120,126
1717,154,65,66
4435,534,203,209
1445,57,19,25
4496,369,147,156
5190,582,234,235
1325,109,41,41
3985,110,52,43
3461,379,163,151
735,53,25,19
6729,858,348,348
2255,242,87,102
1139,97,48,33
2205,115,49,45
1233,107,59,34
1699,148,49,62
5556,467,179,208
2768,83,50,30
5674,386,156,165
2292,283,108,117
1938,123,62,43
3894,306,128,133
3289,271,92,126
1722,97,35,39
3710,260,86,122
2095,278,126,110
3251,233,80,103
1809,167,73,70
1318,114,49,48
2970,321,129,123
2509,165,66,65
2161,221,83,89
1859,152,61,66
814,55,34,17
2978,254,106,113
3591,235,88,105
4343,344,147,140
1344,100,44,41
2639,235,90,110
3121,345,136,142
4173,335,134,150
5100,482,187,212
3205,336,139,140
1907,193,82,78
3147,274,105,114
3237,327,111,141
2371,210,94,90
3741,345,122,157
4662,417,179,177
2506,225,82,97
2126,112,41,49
1637,142,70,50
2046,157,89,51
10367,672,283,254
5301,350,137,151
1546,192,77,74
4361,301,106,136
2234,171,63,78
2677,243,93,105
485,40,14,17
1183,127,67,46
2874,363,138,153
3562,206,81,99
4277,274,142,99
3670,203,83,85
1677,222,93,78
1874,183,75,67
2392,139,53,63
2464,156,64,70
5339,416,157,186
3363,378,141,160
1707,140,70,54
2568,214,79,87
2995,149,71,61
3380,386,155,162
2432,165,76,70
3212,196,85,78
2413,209,99,82
2082,298,122,112
2107,217,100,85
2793,251,101,114
5330,461,190,183
3674,427,176,183
1718,74,27,32
2167,153,62,63
4475,529,221,231
4933,513,203,218
1787,163,71,65
5978,925,383,368
2324,242,99,99
2834,80,28,41
3109,214,88,91
2780,314,159,107
2681,400,168,138
3858,373,163,147
1836,102,40,48
2823,302,119,132
3380,256,112,101
1431,159,62,58
3535,328,135,137
2216,188,75,80
4584,453,192,201
3798,306,117,134
4257,390,120,181
3832,300,107,139
3777,291,105,125
3336,355,155,148
3042,403,149,167
1432,105,40,48
3239,197,82,98
4293,336,121,149
1914,152,72,65
4117,406,169,150
4993,520,177,214
1745,106,35,46
2544,330,131,141
2508,188,69,71
2761,143,48,63
4180,275,100,128
2387,249,85,113
1285,94,38,37
1965,124,46,46
3522,367,144,163
1170,81,28,35
2888,263,103,111
2721,268,87,115
1084,81,36,32
2365,90,39,37
3457,246,101,107
2942,322,129,134
1241,71,29,24
4553,565,229,230
1659,121,57,51
1111,65,29,27
2903,229,116,90
2652,312,131,126
2835,361,150,147
1932,163,70,68
4401,414,139,194
2870,215,81,96
6211,397,150,177
1673,137,56,53
1941,138,53,59
2936,194,80,84
3708,379,147,152
4484,553,216,225
3758,286,97,126
2236,233,87,94
6378,417,163,171
1660,123,43,56
1391,149,63,54
3477,250,124,106
2672,250,96,109
658,93,46,31
2837,230,94,107
1856,79,38,28
2740,184,71,83
2747,345,118,142
2598,189,81,82
1629,123,54,47
4770,308,112,142
1773,121,46,53
2533,365,184,133
4703,405,150,176
10179,787,312,338
2864,272,87,117
1794,111,49,42
2735,222,82,102
3349,217,90,104
3594,178,76,68
4245,500,242,174
3662,253,79,114
2662,221,75,103
2558,268,112,109
1704,216,82,90
2959,259,105,117
1980,129,50,59
10238,677,274,260
5553,532,229,216
2496,158,66,70
3761,284,119,120
3694,482,177,183
3370,393,143,169
4134,341,121,159
2053,142,52,59
2789,217,81,90
6057,794,314,330
4539,324,131,148
4000,346,109,161
2227,153,60,64
1577,89,37,35
2697,235,89,110
3820,200,86,88
1717,111,46,47
1709,85,32,40
3461,349,126,133
1549,166,75,68
2950,262,91,121
2249,119,49,56
3484,352,144,132
1964,145,48,59
1828,173,66,72
3061,201,74,80
8433,376,171,147
636,96,42,33
1781,145,61,71
2348,127,49,61
2275,153,58,74
2872,270,84,134
3151,195,58,88
5513,585,243,246
3031,362,165,146
5156,587,230,244
1474,236,114,87
2872,203,79,90
2024,181,62,81
2363,221,92,90
3700,252,78,122
3130,292,132,97
2223,104,55,36
2257,201,83,83
3348,245,94,100
2950,274,126,112
1872,140,55,64
3004,282,114,117
4892,458,184,184
2177,144,70,56
1854,115,52,43
1634,120,46,50
1926,196,69,86
1799,166,67,73
5861,462,171,200
3527,360,148,151
4880,463,161,204
1882,181,76,81
2217,180,81,72
3024,152,45,71
4530,297,115,137
2568,201,82,91
2906,180,97,72
5125,633,253,252
2109,176,74,77
4945,273,138,99
3479,124,56,53
1424,122,48,50
1122,107,37,47
1200,117,58,41
3495,146,52,72
4372,448,165,196
1743,161,67,66
2814,279,100,114
1327,122,56,49
2644,198,85,73
2851,280,117,109
2182,127,56,59
3202,271,94,110
1565,134,59,51
1249,163,72,65
1816,259,118,93
4888,439,177,190
2094,199,78,72
2752,193,74,84
2316,137,60,58
5188,299,97,136
2180,115,49,48
1992,194,83,67
2222,158,70,68
4966,408,149,180
5236,410,141,196
5221,484,172,218
1782,218,93,85
1841,134,51,61
1855,67,25,29
5540,416,156,193
2525,267,118,104
2843,190,73,84
3441,303,128,124
1792,132,58,52
1372,76,33,23
4998,436,204,157
1372,133,52,47
2562,278,109,116
1802,111,38,46
4610,332,97,151
1612,137,60,51
2940,177,74,75
3422,405,155,185
2389,211,100,68
4188,472,188,200
4860,396,146,180
3071,186,89,81
3058,248,109,92
1445,75,28,31
1030,83,43,28
7426,454,202,173
3751,316,144,131
2342,128,53,46
2241,309,129,128
1359,91,45,29
3401,306,112,134
2740,434,161,152
2146,168,54,72
1737,128,48,49
863,121,47,48
6346,538,211,224
1474,104,47,41
2221,218,82,99
3363,335,114,134
1561,161,75,58
1172,107,46,40
1999,146,58,61
3307,512,197,203
2810,273,105,115
1517,129,54,50
3068,252,97,119
7000,615,246,270
2916,230,81,105
1586,95,39,45
2532,274,93,129
3882,285,108,134
3158,136,44,63
2363,134,57,55
4652,425,172,189
5355,320,111,137
2317,157,62,65
2811,217,89,96
3129,258,94,110
2992,139,68,49
5422,572,226,249
2741,113,39,55
3393,278,97,120
3860,300,109,138
1265,94,38,37
2090,223,84,93
2770,252,104,107
2658,252,114,103
2319,136,63,54
3789,505,219,180
1873,44,21,19
3704,306,118,130
2616,291,107,127
2076,139,62,60
2715,198,73,89
2405,244,112,77
5274,394,191,151
1876,180,81,75
3343,423,180,179
2335,185,71,81
3127,315,137,128
2001,145,61,59
2328,285,121,119
2597,142,50,59
2313,177,63,75
1621,100,46,41
5463,574,198,252
3244,240,107,111
3467,316,119,145
1241,138,73,48
2713,205,91,75
1805,96,41,42
3228,312,128,124
2075,242,104,83
2816,195,70,96
2134,120,44,45
2367,284,117,102
3520,472,177,194
1847,188,71,72
2900,205,69,95
2305,143,52,62
4304,485,196,189
2078,153,54,60
2588,222,88,90
9668,800,312,317
746,66,32,27
2812,311,158,95
4995,565,212,230
3721,331,138,146
2230,132,54,57
2293,200,81,82
3130,288,110,125
1948,136,61,54
2301,192,78,79
1265,82,33,32
2261,124,48,57
1849,280,135,97
3841,543,221,222
3773,164,53,74
3008,448,193,161
1217,94,35,42
3215,306,111,137
2566,326,107,138
2557,247,103,104
1934,115,45,49
4255,274,94,117
1440,119,47,50
4325,498,210,213
2194,221,76,90
2729,219,90,92
4739,311,141,117
1749,154,65,72
2849,239,91,102
6986,579,230,253
2122,136,58,54
2556,256,110,96
4946,548,183,238
4177,459,165,193
1878,131,43,55
4038,442,173,191
4720,246,95,116
2136,180,57,78
2072,282,102,120
1397,177,78,70
2085,172,76,74
2357,187,65,82
2886,266,112,118
1470,138,55,55
2468,240,106,98
2669,270,101,110
2470,240,87,110
2834,303,113,127
4693,425,182,181
1061,53,19,21
2572,226,95,86
3259,220,73,96
1222,80,35,27
2041,63,31,21
4327,187,82,81
2453,193,75,93
2451,179,78,81
4284,366,152,159
2575,231,104,90
1856,184,75,79
2700,265,93,120
3836,366,159,167
2753,216,94,85
2745,234,98,99
4771,421,181,172
3329,411,146,166
3987,237,101,103
5387,355,151,134
5705,717,255,306
1798,144,52,61
2210,180,74,77
1710,127,43,53
4412,505,195,222
2597,192,78,94
3569,344,123,144
1470,96,34,38
4683,372,173,146
7380,662,263,259
3315,272,116,114
1707,183,60,73
1006,104,50,38
2811,149,54,64
2383,123,48,54
2956,269,111,108
1044,93,40,38
3140,278,96,128
1270,62,28,19
2672,141,53,60
1629,209,73,87
3478,273,123,117
3602,97,40,46
2673,153,59,70
3458,496,209,192
3619,317,125,137
4966,506,208,225
2598,298,102,145
3314,191,77,82
1763,139,53,63
2646,303,120,128
1759,149,62,59
1244,78,43,31
2039,217,81,88
7644,748,263,330
4126,342,111,144
1775,139,67,51
7947,699,275,298
2372,153,49,67
3283,334,138,148
1434,134,45,63
3379,270,98,123
1764,114,46,52
1258,92,38,44
2612,144,54,63
2225,181,82,76
2328,207,94,90
4851,636,235,266
2396,245,87,111
1209,168,79,58
1615,129,61,46
2331,318,131,130
2624,239,106,90
2001,233,88,90
2560,322,148,112
1989,123,52,51
1707,153,63,66
1648,152,65,58
2586,234,97,86
1845,269,79,108
6246,217,83,81
4428,432,175,176
1854,180,70,78
3567,435,160,182
1122,73,29,31
1831,115,49,51
2581,90,41,41
2547,255,104,108
2222,261,102,118
1971,86,37,41
4198,452,175,199
763,83,38,28
3170,204,84,90
2922,189,76,81
2515,207,72,78
1467,89,36,40
1932,75,30,30
4116,430,177,169
1516,97,42,41
1742,222,101,87
1719,120,54,50
2632,175,75,75
3328,549,208,211
1240,91,36,34
6626,1082,443,400
2485,288,117,124
3034,314,118,134
3074,281,118,112
2208,227,90,84
3475,375,139,162
5740,689,297,279
4823,325,112,150
2762,175,71,79
1526,104,36,49
3276,262,92,127
2611,220,100,83
5635,487,184,214
2261,148,61,66
2781,225,85,98
6102,863,334,330
2838,236,90,102
1969,164,75,68
3145,303,125,120
3021,186,67,80
2535,154,59,68
3432,228,91,93
1907,237,97,99
2509,299,121,127
2793,209,77,94
2276,260,96,105
4113,368,140,163
3428,394,169,164
2603,127,57,51
3263,231,100,103
1654,114,45,49
3112,241,84,113
2411,110,43,46
1935,125,46,53
1601,138,57,54
7546,322,127,137
2032,106,40,43
1631,102,44,41
2463,63,37,23
2764,209,85,91
2678,267,119,101
1734,130,50,54
3889,346,143,153
5933,444,186,179
8313,639,227,277
2268,299,123,113
3650,342,154,108
5440,537,243,221
4107,372,159,172
3008,405,155,171
2183,227,90,90
2907,291,117,123
7529,520,203,246
4415,330,109,147
2456,159,55,79
3214,402,148,173
3743,151,51,72
3619,286,76,135
2337,200,81,86
5526,459,165,220
1251,135,53,51
2647,280,92,114
2997,263,124,109
1098,135,63,50
3135,310,120,127
1721,146,68,55
3255,224,88,108
3261,339,136,152
1721,145,55,60
2654,205,76,98
2259,131,47,64
2871,329,147,133
1521,81,30,34
5961,633,227,293
3029,272,106,110
2873,279,108,113
2066,142,57,58
1610,83,31,37
3437,392,153,158
2903,250,112,106
2535,281,108,120
4608,511,198,223
3964,345,135,148
3529,456,192,184
1506,168,76,61
2719,354,139,149
2492,245,114,101
1359,82,43,35
3905,363,147,148
3622,288,126,124
3103,277,118,114
4368,490,214,201
3013,252,87,111
2462,122,51,54
2689,276,94,127
1030,48,22,20
2005,129,52,56
1740,205,81,85
9661,529,165,230
2319,245,98,99
4787,670,252,267
1841,153,61,65
2128,211,102,84
3571,292,106,123
3777,269,115,105
5301,418,132,199
1398,74,32,34
1484,174,77,66
1916,72,39,26
3918,447,195,170
4147,267,100,123
1418,53,29,15
3699,362,169,127
4572,539,199,229
3625,222,74,94
2093,108,36,49
1778,175,74,68
4674,434,154,191
3788,458,160,195
2064,186,85,75
779,63,23,25
2473,187,71,86
3071,299,133,126
4394,409,153,183
1454,140,54,54
3342,315,117,131
3401,380,169,158
5347,341,117,162
4439,374,162,147
1544,100,43,45
3373,367,147,166
4621,357,156,156
2150,230,84,102
7915,636,285,274
1865,66,36,21
3900,177,72,74
1799,109,38,48
2638,121,48,61
3218,143,52,66
1488,210,78,81
2995,198,79,82
3121,259,118,112
3830,159,66,65
2424,235,64,115
2019,132,43,58
2038,145,63,51
3652,475,176,203
3219,281,101,123
1459,60,32,19
1453,94,28,42
2766,310,118,127
3547,297,114,120
2270,241,84,114
1562,253,109,87
2504,252,105,108
2393,237,114,85
1056,67,29,30
2879,270,92,116
5091,418,150,203
1887,143,71,55
1238,119,50,42
3327,199,86,81
909,109,44,37
1677,72,30,33
2390,286,130,106
3046,188,66,89
3233,105,42,47
4740,540,202,239
2809,175,69,77
2945,304,127,123
4226,413,144,190
1923,155,73,56
996,40,13,20
3872,371,157,155
3941,299,127,116
3057,176,72,82
2160,151,58,69
3795,198,82,78
2661,286,117,111
2832,241,88,105
1372,105,50,38
7730,611,221,284
1972,151,73,62
3458,340,143,139
4418,209,77,90
3350,322,127,139
3693,363,125,168
4337,358,139,160
4298,435,176,187
960,54,20,23
2351,166,61,82
2547,170,79,66
3014,320,127,133
2745,137,67,56
3060,244,95,116
2770,227,98,93
2350,141,50,59
3001,302,140,126
3062,282,111,120
2273,158,58,74
2306,110,43,49
1042,108,51,34
2563,247,94,108
1384,152,60,58
4360,386,127,190
2757,195,87,80
2658,240,88,116
1324,100,39,38
2755,249,97,109
4456,485,190,214
1390,49,19,22
2049,234,99,86
1575,247,112,94
1923,64,24,25
4516,360,151,149
1687,111,43,46
2702,208,84,93
2716,188,77,81
4070,520,212,203
1556,105,37,37
1662,116,54,43
5893,435,153,196
2454,222,78,98
3604,353,151,139
3067,159,96,58
6676,438,173,191
3739,424,170,179
1739,106,42,50
2643,305,119,128
5026,539,174,222
3267,262,104,115
549,70,30,23
2086,170,73,59
1515,187,81,63
2298,154,72,59
4803,299,123,140
6476,871,362,354
2205,90,34,41
2692,234,94,108
513,44,22,11
3753,453,171,190
2529,162,43,85
4289,260,103,119
3153,70,31,30
3048,448,187,186
2249,225,105,86
2470,255,110,98
3053,190,89,77
2942,321,107,138
2543,126,47,56
2426,192,78,80
1870,154,63,63
1627,112,49,48
2905,208,83,89
1021,99,41,42
2835,251,107,104
5223,782,307,323
1654,162,82,56
2558,338,158,130
2909,281,114,122
3637,352,128,144
1423,125,52,51
3782,135,46,59
2288,173,69,77
2173,256,106,93
2005,193,75,80
3593,336,125,153
1892,109,44,47
4761,400,143,189
2356,133,57,62
3936,522,202,227
1297,120,39,51
2952,356,122,152
2848,222,80,103
6750,330,114,133
2673,417,163,178
2149,130,54,58
957,23,11,9
3412,275,107,126
6597,371,155,157
3382,365,135,156
1857,130,49,55
1860,89,34,35
1744,149,54,75
3791,341,148,138
1321,124,51,45
3527,214,82,89
1223,63,26,25
1829,154,65,72
2309,152,46,69
1800,238,102,97
2263,158,63,68
3464,378,128,172
2231,189,78,80
2284,230,80,100
3785,225,81,109
2658,311,145,125
1874,116,44,50
2240,164,55,76
4208,399,158,172
2452,266,106,108
4146,476,198,184
2808,263,108,116
2879,239,91,109
4888,498,201,222
1974,207,94,80
2984,318,99,148
2725,227,86,102
2088,124,51,53
2833,224,78,102
4374,414,174,187
5266,531,223,227
833,63,34,21
2069,248,110,105
3220,210,96,86
3908,281,119,119
1346,54,26,23
1738,259,113,100
2528,206,74,95
1893,155,63,58
945,87,40,35
3393,424,149,173
4794,348,137,150
4996,721,357,229
2999,207,77,100
8440,814,357,344
12227,520,195,214
1152,98,42,31
2320,210,83,92
3876,332,121,155
1834,147,57,61
2318,148,57,60
2836,262,100,103
4472,314,117,138
2973,322,145,128
2740,149,41,67
2529,166,59,76
4227,277,104,112
2429,157,57,70
2706,129,52,57
1691,109,44,46
2198,164,63,77
2989,362,143,147
1742,151,72,54
1571,97,45,38
1491,115,49,44
2974,316,120,129
2348,173,62,84
3175,391,147,167
2253,166,68,75
2016,167,68,72
1647,133,43,54
3113,402,149,173
2765,253,101,108
2253,228,91,99
2829,211,91,85
6972,314,122,118
3894,340,94,174
2483,216,78,96
1043,136,59,46
2532,197,81,73
1698,128,47,55
4281,220,102,100
1215,118,53,47
2941,211,82,87
2535,153,64,67
4635,331,110,147
4477,375,158,164
2608,213,75,98
1336,98,43,40
3818,487,186,209
2938,318,132,120
3636,207,88,89
6930,621,239,252
2118,170,63,59
2698,191,70,90
4039,413,132,171
1376,98,45,40
2422,210,85,85
1187,138,56,58
6789,278,119,112
4798,581,210,257
2044,184,72,81
1303,64,24,28
4361,310,97,140
2771,269,113,112
2751,229,87,105
1537,106,35,43
2015,135,56,61
4663,650,264,268
4884,635,277,241
2263,171,67,74
2791,217,96,89
5262,610,224,240
4842,718,303,268
2789,420,176,170
1465,88,37,38
3536,315,141,136
1424,131,55,50
2740,230,89,90
2459,185,73,73
2191,116,45,49
2962,236,94,103
1031,76,32,33
3296,330,127,149
1732,188,81,69
4140,342,141,147
2566,365,150,145
1777,210,90,82
1680,144,59,64
1402,158,58,60
2196,214,81,98
2997,258,96,121
3899,329,165,123
8188,736,316,285
2808,137,49,56
4394,574,247,241
3265,209,93,92
2700,241,93,102
1246,96,46,35
3532,509,210,208
4416,350,147,152
1891,200,81,86
1949,161,69,70
4586,401,158,171
3666,214,87,96
5697,344,130,155
2762,390,153,171
1571,95,46,35
1480,98,38,38
3099,321,116,143
1727,218,93,91
2074,194,91,75
2988,213,89,94
1657,143,68,42
1205,93,38,36
1716,122,53,48
1605,122,56,48
2751,440,199,157
2255,210,85,85
1997,124,47,55
4257,403,161,177
1064,100,38,35
2373,187,77,79
2478,302,120,132
1934,133,50,61
3486,125,66,48
1690,122,42,46
3019,324,137,136
2169,145,56,65
2282,174,70,80
4386,298,120,131
3893,462,164,197
1268,107,51,42
2803,318,119,133
1606,209,86,83
5576,467,197,187
2972,92,39,42
2427,172,76,75
4514,359,144,154
1782,230,99,92
2610,280,100,125
1652,104,42,41
4732,294,111,130
3911,213,73,90
2978,316,129,122
2770,388,174,163
2176,192,81,86
1155,110,46,47
3504,124,49,48
1320,161,70,56
3381,300,114,128
3853,292,113,121
6091,344,131,146
3300,250,96,108
2143,175,74,73
3012,213,80,100
1451,179,79,74
3462,275,97,123
2496,122,49,59
3759,460,210,174
2937,254,98,113
3288,238,72,100
3679,268,100,117
3148,219,86,102
3754,235,89,108
6899,867,365,386
2536,157,81,48
2158,131,58,53
2465,206,70,96
6734,597,260,242
2085,80,38,32
3437,236,86,110
2906,345,132,142
2283,168,51,78
1684,175,76,72
2497,215,103,76
1672,148,57,57
1363,58,20,28
2089,85,34,36
2005,118,54,46
3945,410,183,149
2366,232,79,104
2658,253,112,105
1456,132,57,44
2313,146,42,74
1972,114,49,45
2495,270,138,97
2367,240,91,99
2634,129,47,57
1853,105,38,43
1966,171,75,70
2676,178,74,76
1628,109,56,37
3562,316,119,127
1825,132,63,52
3412,322,121,141
4204,386,143,154
1822,144,49,63
3139,268,74,126
3427,316,139,142
2798,153,61,71
1560,77,26,35
2946,246,96,109
2168,116,44,46
2974,280,91,122
5390,243,103,84
2338,109,35,56
1931,167,60,68
2716,144,68,55
3073,230,76,115
4285,376,140,175
5455,403,146,187
1085,99,43,39
2599,276,125,110
1472,101,39,39
1784,87,34,39
1394,107,59,37
3483,327,136,125
2197,86,45,29
2746,76,40,26
2416,240,75,111
3640,392,158,171
2715,201,102,78
1956,186,77,80
1628,188,100,80
2400,198,64,88
1483,121,55,44
3487,248,127,97
6984,580,232,253
2216,159,62,71
3360,217,101,91
4710,421,180,181
3051,223,80,106
5782,486,213,211
3791,400,157,158
3171,258,97,112
3168,312,99,141
6414,1016,417,407
1800,96,44,44
2448,225,95,97
3691,300,139,125
5386,727,277,309
4175,322,115,146
2878,426,160,191
3401,206,89,86
1640,114,39,55
3023,283,90,120
1645,112,35,47
2577,159,64,72
4519,311,126,146
3566,448,175,182
2970,331,118,151
4204,496,190,200
4380,418,150,186
1278,138,58,51
3847,334,113,144
3938,280,94,133
1541,92,43,31
2630,130,50,69
1091,79,38,30
2850,345,129,145
1315,143,53,62
4186,351,137,149
3824,315,128,140
4002,129,45,56
1929,145,58,64
1619,144,52,64
1030,68,26,33
5256,587,229,243
3674,297,135,120
1694,110,38,52
4266,336,129,145
2430,283,131,96
2577,251,96,92
1474,94,29,40
2823,209,79,98
3575,464,199,189
2454,263,95,106
3736,269,102,117
1995,230,84,92
2982,316,139,128
2850,360,136,146
3234,266,109,121
2072,118,47,53
6723,651,238,264
4173,429,165,184
1853,139,56,63
1946,291,138,111
3366,251,112,78
2059,234,92,103
1918,184,66,85
3963,499,186,214
1877,125,57,51
2593,203,92,81
1601,133,54,60
1581,108,49,43
2264,98,41,47
1919,139,57,57
2683,307,115,126
3382,250,112,78
1519,67,24,25
1724,149,59,62
3651,322,114,141
4098,435,166,177
3127,269,115,107
1265,123,44,46
5186,586,208,243
7146,750,255,309
3870,270,116,109
6578,497,193,232
3144,296,119,127
2931,197,69,91
3974,315,134,122
2761,268,128,99
3621,482,221,166
2662,334,132,142
1663,150,63,55
2203,119,55,49
3654,257,99,108
3214,329,140,136
3971,339,157,150
3359,301,123,131
1987,177,75,71
2563,241,98,102
3819,394,150,172
2127,218,90,91
2473,100,41,44
3905,354,131,163
1763,212,87,85
2034,257,78,107
4619,334,104,169
2612,146,54,65
3212,342,141,152
3085,178,82,73
5161,413,179,168
3749,367,159,146
2535,189,74,84
3989,227,72,100
2197,118,47,51
1959,183,76,77
3420,261,106,121
2108,249,96,105
2517,123,49,57
3459,400,143,170
2365,301,115,117
1513,79,28,34
1413,133,63,45
1368,90,37,39
1714,119,51,49
2339,117,37,60
1366,43,17,17
1187,51,26,21
1994,296,117,122
1344,179,80,76
1834,150,59,64
2379,269,128,102
5540,403,159,173
1974,172,85,68
3893,412,182,181
2975,335,121,145
2188,199,71,90
3362,329,117,132
3821,430,177,182
2121,149,66,61
2343,92,36,39
1445,153,61,62
3705,249,94,114
3318,267,108,121
1400,125,57,45
2905,326,115,138
2231,253,111,94
2904,219,89,109
3370,257,84,122
2448,232,109,92
3076,395,152,167
1522,197,68,81
2439,294,104,130
3248,318,138,131
1039,49,18,21
3094,259,87,118
4224,448,195,172
8099,872,311,369
2378,209,85,79
1986,117,53,45
4794,325,135,148
2610,246,102,106
2738,310,123,131
1471,77,33,29
2816,211,81,92
1419,85,28,38
1037,69,26,32
2573,208,76,91
4823,481,185,208
2289,273,104,122
3247,393,159,162
2134,133,50,62
2714,284,103,112
2488,262,114,104
3208,216,90,90
2450,288,99,128
1868,161,55,64
2060,105,34,51
4087,263,83,126
616,106,60,34
2770,249,90,101
3295,351,125,136
2173,185,71,69
2117,184,82,70
2475,116,44,51
4450,520,207,207
1180,153,76,61
1937,153,56,70
2901,273,104,116
4152,516,215,208
4398,483,164,209
3624,214,85,101
3685,357,132,145
5427,307,133,125
5588,509,212,198
2425,253,99,112
1547,180,74,58
3204,184,70,78
2858,118,46,47
8915,705,247,292
5120,628,246,276
5765,500,169,236
1248,99,44,42
3247,317,130,132